,season,matchId,playerId,player,homeOrAway,position,time,goals,assists,shots,yellowCard,redCard,xG,xA,bonus,xB,lastBonus
108,2017,7502,1186,Andrea Belotti,a,FW,0.0,0.0,0.0,0.0,0.0,0.0,0.0,0.0,0.0,0.0,0.0
372,2017,7511,1186,Andrea Belotti,h,FW,90.0,0.0,0.0,2.0,0.0,0.0,0.0928120464086532,0.0503842495381832,0.0,0.328820388764143,0.0
778,2017,7520,1186,Andrea Belotti,a,FW,180.0,1.0,0.0,6.0,0.0,0.0,0.3554681688547134,0.13044589385390282,3.0,1.1968504004180431,3.0
1016,2017,7538,1186,Andrea Belotti,h,FW,270.0,1.0,0.0,10.0,0.0,0.0,0.5107881724834441,0.2796636037528514,3.0,1.8120281212031841,0.0
1365,2017,7548,1186,Andrea Belotti,a,FW,360.0,2.0,0.0,15.0,0.0,0.0,1.3132139146327972,0.34980620816349967,6.0,4.2894479520618916,3.0
1448,2017,7554,1186,Andrea Belotti,a,FW,450.0,3.0,0.0,20.0,0.0,0.0,2.077513486146927,0.6218077428638933,9.0,6.854348201304674,3.0
1854,2017,7567,1186,Andrea Belotti,h,FW,540.0,3.0,0.0,21.0,0.0,0.0,2.093076653778553,0.6218077428638933,9.0,6.9010377041995525,0.0
2996,2017,7607,1186,Andrea Belotti,h,FW,630.0,3.0,0.0,24.0,0.0,0.0,2.355260767042637,0.6687952056527134,9.0,7.734577506780624,0.0
3120,2017,7615,1186,Andrea Belotti,a,FW,720.0,3.0,0.0,29.0,0.0,0.0,2.883729137480259,0.6687952056527134,9.0,9.31998261809349,0.0
3469,2017,7627,1186,Andrea Belotti,h,FW,810.0,3.0,0.0,31.0,0.0,0.0,3.008166790008545,0.6687952056527134,9.0,9.693295575678349,0.0
3733,2017,7636,1186,Andrea Belotti,a,FW,900.0,3.0,0.0,35.0,0.0,0.0,4.315350413322449,0.682843514718115,9.0,13.628894754685462,0.0
3915,2017,7648,1186,Andrea Belotti,h,FW,990.0,3.0,0.0,38.0,0.0,0.0,4.4809859842062,0.6937480997294184,9.0,14.136706052348018,0.0
4372,2017,7653,1186,Andrea Belotti,a,FW,1080.0,3.0,0.0,40.0,0.0,0.0,4.623149737715721,0.7123217061161992,9.0,14.581770919263363,0.0
4442,2017,7668,1186,Andrea Belotti,h,FW,1170.0,3.0,0.0,45.0,0.0,0.0,4.911487445235252,0.9202822670340535,9.0,15.654744602739811,0.0
4874,2017,7677,1186,Andrea Belotti,a,FW,1260.0,4.0,0.0,47.0,0.0,0.0,4.982427790760994,1.027402892708778,12.0,15.97468626499176,3.0
5892,2017,7710,1186,Andrea Belotti,h,Sub,1350.0,4.0,0.0,51.0,0.0,0.0,5.273238256573677,1.4396423250436778,12.0,17.25935709476471,0.0
6159,2017,7728,1186,Andrea Belotti,a,Sub,1374.0,4.0,0.0,52.0,0.0,0.0,5.3624288737773895,1.4396423250436778,12.0,17.526928946375847,0.0
6643,2017,7738,1186,Andrea Belotti,h,FW,1388.0,4.0,0.0,53.0,0.0,0.0,5.7294908463954926,1.4396423250436778,12.0,18.628114864230156,0.0
6783,2017,7746,1186,Andrea Belotti,h,FW,1478.0,5.0,0.0,55.0,0.0,0.0,6.233411520719528,1.6384594887495036,15.0,20.33869405090809,3.0
7103,2017,7750,1186,Andrea Belotti,a,FW,1568.0,5.0,0.0,56.0,0.0,0.0,6.288711201399565,1.6384594887495036,15.0,20.5045930929482,0.0
7325,2017,7777,1186,Andrea Belotti,a,FW,1658.0,5.0,0.0,60.0,0.0,0.0,6.57871575281024,1.6384594887495036,15.0,21.374606747180223,0.0
7786,2017,7783,1186,Andrea Belotti,h,FW,1748.0,5.0,0.0,63.0,0.0,0.0,7.205875109881163,1.6384594887495036,15.0,23.256084818392992,0.0
8133,2017,7797,1186,Andrea Belotti,a,FW,1838.0,6.0,0.0,64.0,0.0,0.0,7.2931456454098225,1.6648782156407829,18.0,23.54431515187025,3.0
8287,2017,7761,1186,Andrea Belotti,h,FW,1928.0,6.0,2.0,68.0,0.0,0.0,7.79102473333478,3.0525048635900016,20.0,26.42557906359434,2.0
8480,2017,7805,1186,Andrea Belotti,h,FW,2018.0,9.0,2.0,72.0,0.0,0.0,9.977022219449282,3.0525048635900016,29.0,32.98357152193785,9.0
8717,2017,7817,1186,Andrea Belotti,a,FW,2108.0,9.0,2.0,73.0,1.0,0.0,10.055133569985628,3.07322577945888,28.5,32.738626489415765,-0.5
9120,2017,7826,1186,Andrea Belotti,h,FW,2198.0,9.0,2.0,74.0,1.0,0.0,10.358353663235903,3.1409027557820077,28.5,33.71596374548972,0.0
9414,2017,7838,1186,Andrea Belotti,a,FW,2288.0,9.0,2.0,78.0,1.0,0.0,11.318428743630648,3.1409027557820077,28.5,36.59618898667395,0.0
9736,2017,7843,1186,Andrea Belotti,h,FW,2378.0,9.0,2.0,79.0,1.0,0.0,11.329001166857779,3.283768473193049,28.5,36.77077197376639,0.0
9973,2017,7858,1186,Andrea Belotti,a,Sub,2468.0,9.0,2.0,79.0,1.0,0.0,11.329001166857779,3.283768473193049,28.5,36.77077197376639,0.0
10182,2017,7867,1186,Andrea Belotti,h,FW,2495.0,9.0,2.0,79.0,2.0,0.0,11.329001166857779,3.283768473193049,28.0,36.27077197376639,-0.5
10585,2017,7878,1186,Andrea Belotti,a,FW,2585.0,10.0,3.0,83.0,2.0,0.0,11.957360127009451,4.006884513422847,32.0,38.8789648944512,4.0
