,season,matchId,playerId,player,homeOrAway,position,time,goals,assists,shots,yellowCard,redCard,xG,xA,bonus,xB,lastBonus
10,2017,7499,1293,Gonzalo Higuaín,h,FW,0.0,0.0,0.0,0.0,0.0,0.0,0.0,0.0,0.0,0.0,0.0
302,2017,7509,1293,Gonzalo Higuaín,a,FW,72.0,1.0,0.0,4.0,0.0,0.0,0.340572714805603,0.0,3.0,1.021718144416809,3.0
567,2017,7525,1293,Gonzalo Higuaín,h,FW,162.0,1.0,1.0,8.0,0.0,0.0,0.6721314191818237,0.1242988407611846,4.0,2.140693098306656,1.0
918,2017,7536,1293,Gonzalo Higuaín,a,FW,252.0,2.0,1.0,12.0,0.0,0.0,1.2846840620040894,0.2089424580335616,7.0,4.06299464404583,3.0
1267,2017,7545,1293,Gonzalo Higuaín,h,FW,330.0,2.0,1.0,14.0,0.0,0.0,1.6706794202327728,0.2089424580335616,7.0,5.22098071873188,0.0
1435,2017,7554,1293,Gonzalo Higuaín,h,Sub,420.0,2.0,1.0,15.0,0.0,0.0,1.6971907373517752,0.2089424580335616,7.0,5.300514670088887,0.0
1923,2017,7559,1293,Gonzalo Higuaín,a,FW,428.0,2.0,2.0,15.0,0.0,0.0,1.6971907373517752,0.7672850936651229,8.0,5.8588573057204485,1.0
1936,2017,7575,1293,Gonzalo Higuaín,h,FW,518.0,3.0,2.0,19.0,0.0,0.0,2.4958868380635977,0.7672850936651229,11.0,8.254945607855916,3.0
2424,2017,7588,1293,Gonzalo Higuaín,a,FW,608.0,3.0,2.0,20.0,0.0,0.0,2.8651048596948385,0.7672850936651229,11.0,9.362599672749639,0.0
2689,2017,7596,1293,Gonzalo Higuaín,h,FW,698.0,3.0,3.0,21.0,0.0,0.0,2.963229900225997,0.9806974977254865,12.0,9.870387198403478,1.0
2787,2017,7602,1293,Gonzalo Higuaín,a,FW,788.0,4.0,3.0,26.0,0.0,0.0,3.1987800803035498,0.9806974977254865,15.0,10.577037738636136,3.0
3219,2017,7616,1293,Gonzalo Higuaín,h,FW,878.0,6.0,3.0,28.0,0.0,0.0,3.3842866476625204,1.0518838837742803,21.0,11.204743826761842,6.0
3429,2017,7625,1293,Gonzalo Higuaín,a,FW,968.0,7.0,3.0,32.0,1.0,0.0,4.118648832663894,1.3654943183064459,23.5,13.221440816298127,2.5
3902,2017,7645,1293,Gonzalo Higuaín,a,FW,1058.0,8.0,3.0,37.0,1.0,0.0,5.198224013671279,1.7109040692448614,26.5,16.8055761102587,3.0
4164,2017,7652,1293,Gonzalo Higuaín,h,FW,1148.0,9.0,3.0,39.0,1.0,0.0,5.756610697135329,1.7300271485000847,29.5,18.499859239906073,3.0
4540,2017,7661,1293,Gonzalo Higuaín,a,FW,1238.0,9.0,3.0,42.0,2.0,0.0,5.904999202117324,1.7300271485000847,29.0,18.445024754852057,-0.5
4943,2017,7672,1293,Gonzalo Higuaín,h,FW,1328.0,9.0,3.0,46.0,3.0,0.0,6.2142028864473104,1.88253335095942,28.5,19.02514201030135,-0.5
5235,2017,7684,1293,Gonzalo Higuaín,a,FW,1418.0,9.0,3.0,52.0,3.0,0.0,6.962772076949477,1.88253335095942,28.5,21.270849581807852,0.0
5515,2017,7694,1293,Gonzalo Higuaín,a,FW,1508.0,9.0,3.0,58.0,3.0,0.0,7.659937864169478,1.9536602441221473,28.5,23.433473836630583,0.0
5778,2017,7703,1293,Gonzalo Higuaín,h,FW,1598.0,9.0,3.0,61.0,3.0,0.0,7.8817277159541845,2.0435971636325116,28.5,24.188780311495066,0.0
6044,2017,7715,1293,Gonzalo Higuaín,a,FW,1688.0,9.0,3.0,62.0,3.0,0.0,7.9233097936958075,2.1935945171862836,28.5,24.463523898273706,0.0
6309,2017,7726,1293,Gonzalo Higuaín,h,FW,1777.0,10.0,3.0,68.0,4.0,0.0,8.61090480349958,2.1935945171862836,31.0,26.026308927685022,2.5
6434,2017,7735,1293,Gonzalo Higuaín,a,FW,1867.0,13.0,3.0,73.0,4.0,0.0,9.686613192781806,2.1935945171862836,40.0,29.253434095531702,9.0
6797,2017,7746,1293,Gonzalo Higuaín,a,FW,1957.0,14.0,3.0,75.0,4.0,0.0,10.104234179481864,2.2098721545189615,43.0,30.522574692964554,3.0
7507,2017,7778,1293,Gonzalo Higuaín,h,FW,1971.0,14.0,3.0,75.0,4.0,0.0,10.104234179481864,2.2098721545189615,43.0,30.522574692964554,0.0
7592,2017,7756,1293,Gonzalo Higuaín,h,FW,2046.0,14.0,4.0,77.0,4.0,0.0,10.90940954349935,2.6155128162354226,44.0,33.343741446733475,1.0
7662,2017,7786,1293,Gonzalo Higuaín,a,FW,2136.0,15.0,5.0,80.0,4.0,0.0,11.301197668537498,3.091766415163874,48.0,34.99535942077637,4.0
8147,2017,7792,1293,Gonzalo Higuaín,h,FW,2226.0,15.0,5.0,81.0,4.0,0.0,11.348979583010077,3.1830976288765664,48.0,35.2300363779068,0.0
8386,2017,7806,1293,Gonzalo Higuaín,a,Sub,2316.0,15.0,5.0,83.0,4.0,0.0,11.50490010343492,3.1830976288765664,48.0,35.69779793918133,0.0
9078,2017,7824,1293,Gonzalo Higuaín,a,FW,2338.0,15.0,6.0,84.0,4.0,0.0,11.540414536371827,3.204327099025249,49.0,35.82557070814073,1.0
9429,2017,7835,1293,Gonzalo Higuaín,h,FW,2428.0,15.0,6.0,90.0,4.0,0.0,11.965691709890962,3.204327099025249,49.0,37.101402228698134,0.0
9526,2017,7842,1293,Gonzalo Higuaín,a,FW,2518.0,15.0,6.0,91.0,4.0,0.0,11.999667594209313,3.204327099025249,49.0,37.20332988165319,0.0
9790,2017,7851,1293,Gonzalo Higuaín,h,FW,2608.0,16.0,6.0,94.0,4.0,0.0,12.900832185521722,3.2216844819486137,52.0,39.92418103851378,3.0
10280,2017,7862,1293,Gonzalo Higuaín,a,FW,2698.0,16.0,6.0,97.0,4.0,0.0,13.018098959699273,3.2216844819486137,52.0,40.27598136104643,0.0
10322,2017,7874,1293,Gonzalo Higuaín,h,Sub,2788.0,16.0,6.0,99.0,4.0,0.0,13.077204817906022,3.2216844819486137,52.0,40.45329893566668,0.0
