,season,matchId,playerId,player,homeOrAway,position,time,goals,assists,shots,yellowCard,redCard,xG,xA,bonus,xB,lastBonus
105,2017,7502,1185,Iago Falque,a,AMR,0.0,0.0,0.0,0.0,0.0,0.0,0.0,0.0,0.0,0.0,0.0
369,2017,7511,1185,Iago Falque,h,AMR,90.0,0.0,0.0,2.0,0.0,0.0,0.0503842495381832,0.0144459418952465,0.0,0.1655986905097961,0.0
775,2017,7520,1185,Iago Falque,a,AMR,177.0,0.0,1.0,3.0,0.0,0.0,0.08353532850742329,0.4741296581923961,1.0,0.7247356437146664,1.0
1013,2017,7538,1185,Iago Falque,h,AMR,267.0,1.0,1.0,7.0,0.0,0.0,0.5457441955804824,0.7187051735818385,4.0,2.355937760323286,3.0
1362,2017,7548,1185,Iago Falque,a,AMR,347.0,1.0,1.0,9.0,0.0,0.0,0.5993611365556716,1.1650640033185482,4.0,2.9631474129855633,0.0
1445,2017,7554,1185,Iago Falque,a,AMR,436.0,1.0,1.0,10.0,0.0,0.0,0.7118752896785735,1.3633463196456432,4.0,3.498972188681364,0.0
1851,2017,7567,1185,Iago Falque,h,AMR,465.0,1.0,1.0,11.0,0.0,0.0,0.8073772117495535,1.3633463196456432,4.0,3.7854779548943043,0.0
2088,2017,7571,1185,Iago Falque,a,AMR,547.0,2.0,1.0,13.0,0.0,0.0,1.5103321596980093,1.522169303148985,7.0,6.053165782243013,3.0
2379,2017,7587,1185,Iago Falque,h,AMR,637.0,3.0,1.0,18.0,0.0,0.0,1.800725035369396,1.7571267150342464,10.0,7.159301821142435,3.0
2644,2017,7593,1185,Iago Falque,a,AMR,727.0,3.0,1.0,18.0,0.0,0.0,1.800725035369396,1.7571267150342464,10.0,7.159301821142435,0.0
2995,2017,7607,1185,Iago Falque,h,FWR,806.0,3.0,1.0,19.0,0.0,0.0,1.8446807600557802,2.056203778833151,10.0,7.590246059000492,0.0
3119,2017,7615,1185,Iago Falque,a,FWR,893.0,4.0,1.0,21.0,1.0,0.0,2.3097258247435093,2.275609489530325,12.5,8.704786963760853,2.5
3468,2017,7627,1185,Iago Falque,h,FWR,977.0,5.0,1.0,22.0,1.0,0.0,2.369198877364397,2.287935096770525,15.5,8.895531728863716,3.0
3736,2017,7636,1185,Iago Falque,a,Sub,1058.0,5.0,1.0,25.0,1.0,0.0,2.859773863106966,2.416372422128916,15.5,10.495694011449814,0.0
3914,2017,7648,1185,Iago Falque,h,FWR,1078.0,5.0,1.0,27.0,1.0,0.0,3.616052735596895,2.416372422128916,15.5,12.764530628919601,0.0
4371,2017,7653,1185,Iago Falque,a,FWR,1160.0,5.0,1.0,29.0,1.0,0.0,3.666562642902136,2.494354497641325,15.5,12.994042426347733,0.0
4441,2017,7668,1185,Iago Falque,h,FWR,1235.0,5.0,1.0,31.0,1.0,0.0,3.747634459286928,2.7026989720761776,15.5,13.445602349936962,0.0
4873,2017,7677,1185,Iago Falque,a,FWR,1313.0,5.0,1.0,32.0,1.0,0.0,3.8547550849616528,3.073243673890829,15.5,14.137508928775787,0.0
5165,2017,7688,1185,Iago Falque,h,FWR,1403.0,7.0,1.0,34.0,1.0,0.0,4.376687984913588,3.15954352542758,21.5,15.789607480168343,6.0
5304,2017,7690,1185,Iago Falque,h,FWR,1493.0,7.0,1.0,36.0,1.0,0.0,4.413827110081911,3.710506748408079,21.5,16.451988078653812,0.0
5707,2017,7708,1185,Iago Falque,a,FWR,1583.0,8.0,2.0,42.0,1.0,0.0,5.049200464040041,4.0442650727927685,25.5,18.69186646491289,4.0
5889,2017,7710,1185,Iago Falque,h,FWR,1673.0,8.0,2.0,44.0,1.0,0.0,5.120144236832857,4.0442650727927685,25.5,18.90469778329134,0.0
6154,2017,7728,1185,Iago Falque,a,AMR,1763.0,9.0,3.0,47.0,1.0,0.0,5.563725221902132,4.625509541481733,29.5,20.81668520718813,4.0
6642,2017,7738,1185,Iago Falque,h,FWR,1853.0,9.0,4.0,49.0,1.0,0.0,6.010894734412432,4.954803716391325,30.5,22.48748791962862,1.0
6782,2017,7746,1185,Iago Falque,h,FWR,1943.0,9.0,5.0,51.0,1.0,0.0,6.098297815769911,5.0803194008767605,31.5,22.875212848186493,1.0
7102,2017,7750,1185,Iago Falque,a,FWR,2033.0,9.0,5.0,52.0,1.0,0.0,6.132722534239292,5.229700472205877,31.5,23.127868074923754,0.0
7324,2017,7777,1185,Iago Falque,a,FWR,2117.0,9.0,6.0,54.0,1.0,0.0,6.190998051315546,5.931685592979193,32.5,24.00467974692583,1.0
7785,2017,7783,1185,Iago Falque,h,FWR,2185.0,9.0,6.0,57.0,1.0,0.0,6.370361644774675,6.558844950050116,32.5,25.16992988437414,0.0
8132,2017,7797,1185,Iago Falque,a,FW,2275.0,9.0,6.0,60.0,2.0,0.0,6.5751163847744465,6.7097390703856945,32.0,25.435088224709034,-0.5
8286,2017,7761,1185,Iago Falque,h,FW,2354.0,10.0,7.0,62.0,2.0,0.0,7.085047114640474,6.932299148291349,36.0,27.187440492212772,4.0
8479,2017,7805,1185,Iago Falque,h,FW,2444.0,11.0,8.0,65.0,2.0,0.0,7.3349028415977955,7.521596562117338,40.0,28.526305086910725,4.0
8716,2017,7817,1185,Iago Falque,a,AMC,2518.0,11.0,8.0,66.0,2.0,0.0,7.644716966897249,7.521596562117338,40.0,29.455747462809086,0.0
9121,2017,7826,1185,Iago Falque,h,FW,2603.0,11.0,8.0,67.0,2.0,0.0,7.65969982650131,7.573556631803513,40.0,29.552656111307442,0.0
9738,2017,7843,1185,Iago Falque,h,Sub,2667.0,11.0,8.0,68.0,2.0,0.0,7.794257818721235,7.573556631803513,40.0,29.956330087967217,0.0
9974,2017,7858,1185,Iago Falque,a,Sub,2695.0,11.0,8.0,71.0,2.0,0.0,7.863087899051607,7.573556631803513,40.0,30.162820328958333,0.0
10181,2017,7867,1185,Iago Falque,h,AMC,2707.0,11.0,8.0,71.0,2.0,0.0,7.863087899051607,7.573556631803513,40.0,30.162820328958333,0.0
10584,2017,7878,1185,Iago Falque,a,AMC,2797.0,11.0,8.0,74.0,2.0,0.0,8.060258439742029,7.619547039270401,40.0,30.800322358496487,0.0
