,season,matchId,playerId,player,homeOrAway,position,time,goals,assists,shots,yellowCard,redCard,xG,xA,bonus,xB,lastBonus
50,2017,7500,1382,José Callejón,a,FWR,0.0,0.0,0.0,0.0,0.0,0.0,0.0,0.0,0.0,0.0,0.0
454,2017,7514,1382,José Callejón,h,FWR,74.0,0.0,0.0,1.0,0.0,0.0,0.1709542274475097,0.597396194934845,0.0,1.1102588772773745,0.0
804,2017,7521,1382,José Callejón,a,FWR,164.0,0.0,0.0,2.0,0.0,0.0,0.222715239971876,0.9206190705299377,0.0,1.5887647904455664,0.0
958,2017,7534,1382,José Callejón,h,FWR,254.0,1.0,1.0,4.0,0.0,0.0,0.610024821013212,1.5540962219238281,4.0,3.3841706849634647,4.0
1307,2017,7546,1382,José Callejón,a,FWR,322.0,2.0,1.0,8.0,0.0,0.0,1.5657723657786844,1.901452511548996,7.0,6.59876960888505,3.0
1418,2017,7558,1382,José Callejón,a,FWR,410.0,3.0,1.0,10.0,0.0,0.0,1.9996454231441019,2.0004652217030525,10.0,7.999401491135359,3.0
1712,2017,7565,1382,José Callejón,h,FWR,500.0,4.0,2.0,12.0,0.0,0.0,2.4111909084022045,2.0760087445378304,14.0,9.309581469744444,4.0
1977,2017,7576,1382,José Callejón,a,FWR,573.0,4.0,2.0,15.0,0.0,0.0,2.8503557853400707,2.0760087445378304,14.0,10.627076100558043,0.0
2240,2017,7584,1382,José Callejón,h,FWR,656.0,4.0,2.0,16.0,0.0,0.0,2.931129213422537,2.158746860921383,14.0,10.952134501188993,0.0
2673,2017,7594,1382,José Callejón,a,FWR,746.0,4.0,2.0,17.0,0.0,0.0,2.973454039543867,2.3577549532055855,14.0,11.278117071837187,0.0
2883,2017,7603,1382,José Callejón,h,FWR,817.0,4.0,2.0,17.0,0.0,0.0,2.973454039543867,2.37061860319227,14.0,11.290980721823871,0.0
3175,2017,7612,1382,José Callejón,a,FWR,893.0,5.0,2.0,20.0,0.0,0.0,3.3704403452575207,2.37061860319227,17.0,12.481939638964832,3.0
3329,2017,7623,1382,José Callejón,h,FWR,974.0,5.0,2.0,21.0,0.0,0.0,3.465076047927141,2.37061860319227,17.0,12.765846746973693,0.0
3760,2017,7638,1382,José Callejón,a,FWR,1056.0,5.0,2.0,22.0,0.0,0.0,3.5684808306396008,2.3979235915467143,17.0,13.103366083465517,0.0
3886,2017,7645,1382,José Callejón,h,FWR,1146.0,5.0,2.0,23.0,0.0,0.0,3.934916239231825,2.4210029607638717,17.0,14.225751678459346,0.0
4217,2017,7655,1382,José Callejón,h,FWR,1236.0,5.0,2.0,25.0,0.0,0.0,4.002307813614607,2.5076941093429923,17.0,14.514617550186813,0.0
4455,2017,7668,1382,José Callejón,a,FWR,1326.0,5.0,2.0,27.0,1.0,0.0,4.176062162965536,2.5634399307891726,16.5,14.591626419685781,-0.5
4803,2017,7675,1382,José Callejón,h,FWR,1416.0,5.0,2.0,27.0,1.0,0.0,4.176062162965536,2.5634399307891726,16.5,14.591626419685781,0.0
4983,2017,7682,1382,José Callejón,a,FWR,1506.0,5.0,2.0,29.0,1.0,0.0,4.76178228482604,2.9533611489459872,16.5,16.738708003424108,0.0
5359,2017,7692,1382,José Callejón,h,FWR,1596.0,5.0,2.0,31.0,1.0,0.0,4.89037486538291,3.0910887522622943,16.5,17.262213348411024,0.0
5541,2017,7705,1382,José Callejón,a,FWR,1686.0,6.0,2.0,33.0,1.0,0.0,5.242346998304129,3.371800343506038,19.5,18.598841338418424,3.0
5917,2017,7711,1382,José Callejón,h,FWR,1776.0,6.0,3.0,35.0,2.0,0.0,5.578389223664999,3.6593987150117755,20.0,19.394566386006773,0.5
6378,2017,7724,1382,José Callejón,a,FWR,1866.0,6.0,3.0,36.0,2.0,0.0,5.7010773830115795,3.791085402481258,20.0,19.894317551515996,0.0
6502,2017,7736,1382,José Callejón,h,FWR,1956.0,6.0,4.0,40.0,2.0,0.0,6.319786410778761,4.659140984527767,21.0,22.61850021686405,1.0
6838,2017,7741,1382,José Callejón,h,FWR,2043.0,7.0,4.0,41.0,2.0,0.0,6.642375480383635,4.659140984527767,24.0,23.58626742567867,3.0
7213,2017,7752,1382,José Callejón,a,FWR,2131.0,7.0,5.0,42.0,2.0,0.0,6.954558651894331,5.5723965568467975,25.0,25.43607251252979,1.0
7283,2017,7766,1382,José Callejón,h,FWR,2221.0,8.0,5.0,44.0,2.0,0.0,7.3475991897284985,5.87271077465266,28.0,26.915508343838155,3.0
7576,2017,7774,1382,José Callejón,a,FWR,2311.0,8.0,5.0,46.0,2.0,0.0,7.476053338497877,6.09239027928561,28.0,27.52055029477924,0.0
7868,2017,7784,1382,José Callejón,h,FWR,2401.0,8.0,5.0,46.0,2.0,0.0,7.476053338497877,6.1783259911462665,28.0,27.606486006639898,0.0
8022,2017,7793,1382,José Callejón,a,FWR,2488.0,8.0,6.0,46.0,2.0,0.0,7.476053338497877,6.346850807778537,29.0,27.77501082327217,1.0
8562,2017,7802,1382,José Callejón,h,FWR,2578.0,9.0,6.0,48.0,2.0,0.0,7.766623925417662,6.421207751147449,32.0,28.721079527400434,3.0
8853,2017,7813,1382,José Callejón,a,FWR,2668.0,9.0,6.0,52.0,2.0,0.0,8.89404721185565,6.574794779531658,32.0,32.25693641509861,0.0
9175,2017,7828,1382,José Callejón,h,FWR,2758.0,9.0,6.0,54.0,2.0,0.0,8.991095658391714,6.614489327184856,32.0,32.58777630236,0.0
9441,2017,7835,1382,José Callejón,a,FWR,2843.0,9.0,8.0,56.0,2.0,0.0,9.115840021520853,6.697089868597686,34.0,33.044609933160245,2.0
9720,2017,7845,1382,José Callejón,a,FWR,2933.0,9.0,9.0,57.0,2.0,0.0,9.174850273877382,7.048578727059066,35.0,33.57312954869121,1.0
9956,2017,7858,1382,José Callejón,h,FWR,3023.0,9.0,9.0,57.0,3.0,0.0,9.174850273877382,7.114043506793678,34.5,33.138594328425825,-0.5
10305,2017,7865,1382,José Callejón,a,FWR,3111.0,9.0,10.0,59.0,3.0,0.0,9.256066773086786,7.618858429603279,35.5,33.88705874886364,1.0
10430,2017,7872,1382,José Callejón,h,FWR,3179.0,9.0,10.0,60.0,3.0,0.0,9.291286114603281,7.793276744894683,35.5,34.167135088704526,0.0
