,season,matchId,playerId,player,homeOrAway,position,time,goals,assists,shots,yellowCard,redCard,xG,xA,bonus,xB,lastBonus
118,2017,7503,1511,Marcelo Brozovic,h,AMC,0.0,0.0,0.0,0.0,0.0,0.0,0.0,0.0,0.0,0.0,0.0
597,2017,7524,1511,Marcelo Brozovic,h,Sub,74.0,0.0,0.0,1.0,0.0,0.0,0.1002271026372909,0.0352422222495079,0.0,0.3359235301613807,0.0
1117,2017,7541,1511,Marcelo Brozovic,a,Sub,95.0,0.0,0.0,2.0,0.0,0.0,0.2008048519492148,0.4325514063239097,0.0,1.0349659621715546,0.0
1572,2017,7553,1511,Marcelo Brozovic,h,AMC,103.0,0.0,0.0,2.0,0.0,0.0,0.2008048519492148,0.4325514063239097,0.0,1.0349659621715546,0.0
1754,2017,7560,1511,Marcelo Brozovic,a,AMC,184.0,0.0,0.0,5.0,0.0,0.0,0.36359816044569,0.48374613747000683,0.0,1.5745406188070774,0.0
3039,2017,7601,1511,Marcelo Brozovic,a,Sub,274.0,2.0,0.0,9.0,0.0,0.0,0.8844653889536855,1.214080061763525,6.0,3.8674762286245823,6.0
3109,2017,7615,1511,Marcelo Brozovic,h,Sub,289.0,2.0,0.0,9.0,1.0,0.0,0.8844653889536855,1.262938767671585,5.5,3.4163349345326424,-0.5
3528,2017,7622,1511,Marcelo Brozovic,h,Sub,302.0,2.0,0.0,9.0,2.0,0.0,0.8844653889536855,1.262938767671585,5.0,2.9163349345326424,-0.5
3680,2017,7631,1511,Marcelo Brozovic,a,Sub,318.0,2.0,0.0,9.0,2.0,0.0,0.8844653889536855,1.2802712488919497,5.0,2.933667415753007,0.0
4024,2017,7644,1511,Marcelo Brozovic,h,AMC,355.0,3.0,0.0,10.0,2.0,0.0,0.9767350479960439,1.2802712488919497,8.0,3.210476392880082,3.0
4176,2017,7652,1511,Marcelo Brozovic,a,AMC,445.0,3.0,1.0,18.0,2.0,0.0,1.3159334585070608,2.1433832217007875,9.0,5.091183597221971,1.0
4413,2017,7665,1511,Marcelo Brozovic,h,AMC,535.0,3.0,1.0,20.0,3.0,0.0,1.3866429701447485,2.2449889052659273,8.5,4.904917815700173,-0.5
4845,2017,7676,1511,Marcelo Brozovic,a,AMC,589.0,3.0,1.0,22.0,3.0,0.0,1.4133295603096483,2.3499774653464556,8.5,5.089966146275401,0.0
5197,2017,7685,1511,Marcelo Brozovic,h,Sub,635.0,3.0,1.0,22.0,4.0,0.0,1.4133295603096483,2.4161469135433435,8.0,4.656135594472289,-0.5
5754,2017,7706,1511,Marcelo Brozovic,h,Sub,639.0,3.0,1.0,22.0,4.0,0.0,1.4133295603096483,2.4313880521804094,8.0,4.671376733109355,0.0
6015,2017,7714,1511,Marcelo Brozovic,a,AMC,683.0,3.0,2.0,22.0,4.0,0.0,1.4133295603096483,2.8209926802664995,9.0,5.060981361195445,1.0
6166,2017,7720,1511,Marcelo Brozovic,h,MC,772.0,3.0,2.0,23.0,4.0,0.0,1.4683836698532102,2.8533984515815973,9.0,5.258549461141229,0.0
6558,2017,7731,1511,Marcelo Brozovic,h,AMC,850.0,3.0,3.0,23.0,4.0,0.0,1.4683836698532102,3.0435501728206873,10.0,5.448701182380319,1.0
6772,2017,7745,1511,Marcelo Brozovic,a,Sub,909.0,3.0,4.0,25.0,4.0,0.0,1.8641478419303892,3.3174001667648554,11.0,6.909843692556024,1.0
7009,2017,7757,1511,Marcelo Brozovic,h,Sub,923.0,3.0,4.0,25.0,4.0,0.0,1.8641478419303892,3.3174001667648554,11.0,6.909843692556024,0.0
7559,2017,7774,1511,Marcelo Brozovic,h,DMC,931.0,3.0,4.0,25.0,4.0,0.0,1.8641478419303892,3.3174001667648554,11.0,6.909843692556024,0.0
7685,2017,7785,1511,Marcelo Brozovic,a,DMC,1021.0,3.0,4.0,25.0,4.0,0.0,1.8641478419303892,3.3174001667648554,11.0,6.909843692556024,0.0
7977,2017,7791,1511,Marcelo Brozovic,h,DMC,1111.0,3.0,4.0,25.0,4.0,0.0,1.8641478419303892,3.3174001667648554,11.0,6.909843692556024,0.0
8324,2017,7764,1511,Marcelo Brozovic,a,DMC,1201.0,3.0,5.0,27.0,4.0,0.0,1.9317678809165952,3.6542525086551905,12.0,7.449556151404977,1.0
8489,2017,7805,1511,Marcelo Brozovic,a,DMC,1291.0,3.0,5.0,31.0,4.0,0.0,2.0447440966963764,3.707123262807727,12.0,7.841355552896857,0.0
8921,2017,7821,1511,Marcelo Brozovic,h,MC,1381.0,3.0,5.0,32.0,5.0,0.0,2.07559722661972,3.7270799428224564,11.5,7.453871622681618,-0.5
9355,2017,7834,1511,Marcelo Brozovic,a,DMC,1471.0,4.0,6.0,35.0,6.0,0.0,2.2521721869707103,3.8316404968500137,15.0,7.588157057762146,3.5
9508,2017,7842,1511,Marcelo Brozovic,h,DMC,1561.0,4.0,6.0,38.0,6.0,0.0,2.36494754999876,4.250253811478615,15.0,8.345096461474895,0.0
9829,2017,7855,1511,Marcelo Brozovic,a,DMC,1651.0,4.0,6.0,40.0,7.0,0.0,2.4331080242991443,4.262914469465613,14.5,8.062238542363048,-0.5
10065,2017,7866,1511,Marcelo Brozovic,h,DMC,1741.0,4.0,8.0,41.0,7.0,0.0,2.4829726256430145,4.590155115351081,16.5,8.539072992280126,2.0
10498,2017,7875,1511,Marcelo Brozovic,a,DMC,1831.0,4.0,8.0,44.0,8.0,0.0,2.551373671740293,4.666601350530982,16.0,8.320722365751863,-0.5
