,season,matchId,playerId,player,homeOrAway,position,time,goals,assists,shots,yellowCard,redCard,xG,xA,bonus,xB,lastBonus
93,2017,7502,1580,Mattia Destro,h,FW,0.0,0.0,0.0,0.0,0.0,0.0,0.0,0.0,0.0,0.0,0.0
329,2017,7515,1580,Mattia Destro,a,FW,90.0,0.0,0.0,1.0,0.0,0.0,0.0319708660244941,0.176505446434021,0.0,0.2724180445075035,0.0
792,2017,7521,1580,Mattia Destro,h,FW,180.0,0.0,1.0,5.0,0.0,0.0,1.264218457043171,0.3052573055028915,1.0,4.097912676632404,1.0
1702,2017,7562,1580,Mattia Destro,a,Sub,255.0,0.0,1.0,6.0,1.0,0.0,1.3221628218889236,0.3052573055028915,0.5,3.7717457711696625,-0.5
2286,2017,7579,1580,Mattia Destro,a,Sub,285.0,0.0,1.0,8.0,1.0,0.0,1.4566274583339691,0.344728972762823,0.5,4.2146113477647305,0.0
2548,2017,7590,1580,Mattia Destro,h,FW,300.0,0.0,1.0,9.0,1.0,0.0,1.4994940981268883,0.344728972762823,0.5,4.343211267143488,0.0
2817,2017,7604,1580,Mattia Destro,a,Sub,390.0,0.0,1.0,10.0,1.0,0.0,1.5541964806616306,0.344728972762823,0.5,4.507318414747715,0.0
3055,2017,7610,1580,Mattia Destro,h,Sub,395.0,0.0,1.0,10.0,1.0,0.0,1.5541964806616306,0.344728972762823,0.5,4.507318414747715,0.0
3567,2017,7621,1580,Mattia Destro,a,FW,411.0,0.0,1.0,10.0,1.0,0.0,1.5541964806616306,0.344728972762823,0.5,4.507318414747715,0.0
3580,2017,7630,1580,Mattia Destro,h,FW,470.0,1.0,1.0,13.0,1.0,0.0,2.1208412684500217,0.344728972762823,3.5,6.207252778112888,3.0
3970,2017,7640,1580,Mattia Destro,h,FW,519.0,1.0,1.0,14.0,1.0,0.0,2.1915558390319347,0.344728972762823,3.5,6.419396489858627,0.0
4344,2017,7654,1580,Mattia Destro,a,FW,609.0,2.0,1.0,16.0,2.0,0.0,2.5829710476100445,0.344728972762823,6.0,7.0936421155929565,2.5
4527,2017,7661,1580,Mattia Destro,h,FW,699.0,2.0,2.0,18.0,2.0,0.0,3.305462073534727,0.5113729797303674,7.0,9.427759200334549,1.0
4706,2017,7670,1580,Mattia Destro,a,FW,752.0,2.0,2.0,18.0,2.0,0.0,3.305462073534727,0.5113729797303674,7.0,9.427759200334549,0.0
5082,2017,7681,1580,Mattia Destro,h,FW,842.0,4.0,2.0,21.0,2.0,0.0,3.83664895221591,0.5484531521797178,13.0,11.058400008827448,6.0
5320,2017,7690,1580,Mattia Destro,a,FW,932.0,4.0,2.0,25.0,2.0,0.0,4.45893694087863,0.5858521796762941,13.0,12.962663002312183,0.0
5556,2017,7699,1580,Mattia Destro,h,FW,1022.0,4.0,2.0,27.0,2.0,0.0,4.578779000788927,0.5858521796762941,13.0,13.322189182043076,0.0
5936,2017,7711,1580,Mattia Destro,a,Sub,1093.0,5.0,2.0,28.0,2.0,0.0,5.035786766558886,0.5858521796762941,16.0,14.693212479352951,3.0
6253,2017,7721,1580,Mattia Destro,h,FW,1108.0,5.0,2.0,28.0,2.0,0.0,5.035786766558886,0.5858521796762941,16.0,14.693212479352951,0.0
6811,2017,7740,1580,Mattia Destro,h,FW,1177.0,5.0,2.0,31.0,2.0,0.0,5.15948536619544,0.7042557336390016,16.0,15.182711832225323,0.0
6979,2017,7755,1580,Mattia Destro,h,FW,1267.0,5.0,2.0,33.0,2.0,0.0,5.350037004798651,0.720897143706679,16.0,15.771008158102632,0.0
7242,2017,7759,1580,Mattia Destro,a,FW,1357.0,6.0,3.0,35.0,3.0,0.0,6.362906601279974,1.3869467433542009,19.5,18.975666547194123,3.5
7397,2017,7769,1580,Mattia Destro,h,Sub,1447.0,6.0,3.0,37.0,3.0,0.0,7.645817663520575,1.3869467433542009,19.5,22.824399733915925,0.0
8813,2017,7811,1580,Mattia Destro,h,FW,1459.0,6.0,3.0,37.0,3.0,0.0,7.645817663520575,1.3869467433542009,19.5,22.824399733915925,0.0
9807,2017,7851,1580,Mattia Destro,a,Sub,1549.0,6.0,3.0,38.0,3.0,0.0,7.710030797868967,1.3869467433542009,19.5,23.017039136961102,0.0
10125,2017,7860,1580,Mattia Destro,h,FW,1565.0,6.0,3.0,40.0,3.0,0.0,7.763340026140213,1.3869467433542009,19.5,23.17696682177484,0.0
