,season,matchId,playerId,player,homeOrAway,position,time,goals,assists,shots,yellowCard,redCard,xG,xA,bonus,xB,lastBonus
204,2017,7506,1473,Matteo Politano,h,FWL,0.0,0.0,0.0,0.0,0.0,0.0,0.0,0.0,0.0,0.0,0.0
386,2017,7511,1473,Matteo Politano,a,FWL,67.0,0.0,0.0,1.0,1.0,0.0,0.0391523018479347,0.0,-0.5,-0.3825430944561958,-0.5
903,2017,7536,1473,Matteo Politano,h,FW,157.0,0.0,0.0,4.0,1.0,0.0,0.09951433911919591,0.0189442187547683,-0.5,-0.1825127638876438,0.0
1196,2017,7542,1473,Matteo Politano,a,FW,221.0,1.0,0.0,6.0,1.0,0.0,0.8069522716104984,0.0644629076123236,2.5,1.985319722443819,3.0
1814,2017,7563,1473,Matteo Politano,a,Sub,272.0,1.0,0.0,6.0,1.0,0.0,0.8069522716104984,0.0644629076123236,2.5,1.985319722443819,0.0
2131,2017,7578,1473,Matteo Politano,h,FWL,301.0,1.0,0.0,7.0,1.0,0.0,0.8406927809119225,0.0726423244923351,2.5,2.0947206672281027,0.0
2368,2017,7586,1473,Matteo Politano,a,FWL,391.0,1.0,0.0,9.0,1.0,0.0,1.0090247169137,0.1458915676921603,2.5,2.672965718433261,0.0
2745,2017,7598,1473,Matteo Politano,h,FWL,479.0,2.0,0.0,13.0,1.0,0.0,1.5167381539940834,0.3018359746783968,5.5,4.352050436660647,3.0
2897,2017,7603,1473,Matteo Politano,a,FWR,569.0,2.0,0.0,16.0,1.0,0.0,1.7151846811175346,0.3894211333245035,5.5,5.034975176677108,0.0
3273,2017,7618,1473,Matteo Politano,h,FWR,659.0,2.0,1.0,18.0,1.0,0.0,1.8266663551330566,0.4641288276761766,6.5,5.444127893075347,1.0
3399,2017,7619,1473,Matteo Politano,a,FWR,746.0,2.0,1.0,21.0,1.0,0.0,1.922682285308838,0.5903962161391969,6.5,5.858443072065711,0.0
3637,2017,7637,1473,Matteo Politano,h,FWL,836.0,2.0,1.0,24.0,1.0,0.0,2.0328622087836266,1.444673707708716,6.5,7.043260334059596,0.0
4011,2017,7642,1473,Matteo Politano,a,AMC,926.0,2.0,1.0,29.0,1.0,0.0,2.182699404656887,1.7019295301288362,6.5,7.750027744099498,0.0
4303,2017,7656,1473,Matteo Politano,h,FWL,1006.0,2.0,1.0,30.0,1.0,0.0,2.2202097214758396,1.7019295301288362,6.5,7.8625586945563555,0.0
4624,2017,7667,1473,Matteo Politano,a,FWL,1096.0,3.0,2.0,33.0,1.0,0.0,2.372161228209734,2.263864358887076,10.5,8.880348043516278,4.0
4833,2017,7676,1473,Matteo Politano,h,FWL,1184.0,3.0,2.0,38.0,1.0,0.0,3.3575257249176502,2.331832176074385,10.5,11.904409350827336,0.0
5123,2017,7686,1473,Matteo Politano,a,FWR,1267.0,3.0,3.0,39.0,1.0,0.0,3.4119935482740402,2.945128863677382,11.5,12.681109508499503,1.0
5459,2017,7697,1473,Matteo Politano,a,FWL,1355.0,3.0,3.0,42.0,1.0,0.0,3.5509297102689743,3.668601876124739,11.5,13.821391006931663,0.0
5697,2017,7708,1473,Matteo Politano,h,Sub,1445.0,3.0,3.0,45.0,1.0,0.0,3.7167912125587463,3.74214587919414,11.5,14.39251951687038,0.0
5863,2017,7709,1473,Matteo Politano,h,FWL,1459.0,3.0,3.0,45.0,1.0,0.0,3.7167912125587463,3.812445959076285,11.5,14.462819596752524,0.0
6324,2017,7726,1473,Matteo Politano,a,FWL,1549.0,3.0,3.0,46.0,1.0,0.0,3.768025618046522,4.324617942795157,11.5,15.128694796934724,0.0
6532,2017,7732,1473,Matteo Politano,h,FWL,1613.0,3.0,3.0,47.0,1.0,0.0,3.8239212296903133,4.324617942795157,11.5,15.296381631866097,0.0
6826,2017,7740,1473,Matteo Politano,a,FWL,1703.0,3.0,3.0,49.0,1.0,0.0,3.972068425267935,4.8363422360271215,11.5,16.252547511830926,0.0
7118,2017,7754,1473,Matteo Politano,h,FWL,1793.0,3.0,3.0,53.0,1.0,0.0,4.523321207612753,5.133120587095618,11.5,18.203084209933877,0.0
7478,2017,7776,1473,Matteo Politano,h,FWR,1866.0,3.0,3.0,54.0,1.0,0.0,4.5405676532536745,5.219902915880084,11.5,18.341605875641108,0.0
7634,2017,7788,1473,Matteo Politano,a,FW,1956.0,3.0,3.0,58.0,1.0,0.0,5.454683260992169,5.273017259314656,11.5,21.137067042291164,0.0
8009,2017,7793,1473,Matteo Politano,h,FW,2046.0,3.0,4.0,61.0,1.0,0.0,5.502535490319133,5.8816568572074175,12.5,21.889263328164816,1.0
8358,2017,7768,1473,Matteo Politano,a,Sub,2136.0,4.0,4.0,64.0,1.0,0.0,6.318079320713878,5.945559548214078,15.5,24.39979751035571,3.0
8632,2017,7808,1473,Matteo Politano,a,FW,2162.0,4.0,4.0,66.0,1.0,0.0,6.352666990831494,5.979576414451003,15.5,24.537577386945486,0.0
8785,2017,7809,1473,Matteo Politano,h,FW,2252.0,5.0,4.0,69.0,1.0,0.0,6.418474214151502,6.071001721546054,18.5,24.82642436400056,3.0
9163,2017,7827,1473,Matteo Politano,a,FW,2342.0,7.0,4.0,77.0,1.0,0.0,7.430868880823255,6.071001721546054,24.5,27.863608364015818,6.0
9233,2017,7832,1473,Matteo Politano,h,FW,2430.0,7.0,4.0,81.0,1.0,0.0,8.00614912994206,6.505871636793017,24.5,30.024319026619196,0.0
9555,2017,7848,1473,Matteo Politano,a,FW,2518.0,8.0,4.0,86.0,1.0,0.0,8.47132702358067,6.505871636793017,27.5,31.41985270753503,3.0
9986,2017,7857,1473,Matteo Politano,h,FW,2608.0,8.0,4.0,88.0,1.0,0.0,8.589865641668439,6.505871636793017,27.5,31.775468561798334,0.0
10084,2017,7866,1473,Matteo Politano,a,FW,2684.0,9.0,4.0,91.0,1.0,0.0,8.71049084700644,6.769137246534228,30.5,32.40060978755355,3.0
10516,2017,7876,1473,Matteo Politano,h,FW,2756.0,10.0,4.0,92.0,1.0,0.0,8.809516930952668,6.9879930298775434,33.5,32.91654382273555,3.0
