,season,matchId,playerId,player,homeOrAway,position,time,goals,assists,shots,yellowCard,redCard,xG,xA,bonus,xB,lastBonus
8,2017,7499,1294,Paulo Dybala,h,AMC,0.0,0.0,0.0,0.0,0.0,0.0,0.0,0.0,0.0,0.0,0.0
300,2017,7509,1294,Paulo Dybala,a,AMC,90.0,1.0,0.0,7.0,0.0,0.0,0.6738927364349365,0.0,3.0,2.0216782093048096,3.0
569,2017,7525,1294,Paulo Dybala,h,Sub,180.0,4.0,0.0,12.0,0.0,0.0,1.9548009634017944,0.1194833517074585,12.0,5.983886241912842,9.0
916,2017,7536,1294,Paulo Dybala,a,AMC,216.0,5.0,0.0,17.0,0.0,0.0,2.350610911846161,0.1598129197955131,15.0,7.211645655333996,3.0
1265,2017,7545,1294,Paulo Dybala,h,AMC,301.0,8.0,0.0,21.0,0.0,0.0,2.6803595423698425,0.1598129197955131,24.0,8.20089154690504,9.0
1433,2017,7554,1294,Paulo Dybala,h,FW,376.0,8.0,0.0,24.0,0.0,0.0,2.895549163222313,0.1598129197955131,24.0,8.846460409462452,0.0
1921,2017,7559,1294,Paulo Dybala,a,AMC,466.0,10.0,0.0,34.0,0.0,0.0,4.005621299147606,0.3791236951947211,30.0,12.395987592637539,6.0
1939,2017,7575,1294,Paulo Dybala,h,Sub,556.0,10.0,0.0,40.0,0.0,0.0,5.019085392355919,0.6961655393242835,30.0,15.75342171639204,0.0
2422,2017,7588,1294,Paulo Dybala,a,AMC,581.0,10.0,0.0,43.0,0.0,0.0,5.839888975024223,0.8026603683829305,30.0,18.3223272934556,0.0
2687,2017,7596,1294,Paulo Dybala,h,AMC,651.0,10.0,1.0,45.0,0.0,0.0,5.895478326827288,0.9146791547536848,31.0,18.601114135235548,1.0
2785,2017,7602,1294,Paulo Dybala,a,AMC,741.0,11.0,1.0,48.0,0.0,0.0,6.185134280472994,0.998222157359123,34.0,19.553624998778105,3.0
3217,2017,7616,1294,Paulo Dybala,h,AMC,831.0,11.0,2.0,52.0,0.0,0.0,6.329263735562563,1.0920758321881292,35.0,20.07986703887582,1.0
3430,2017,7625,1294,Paulo Dybala,a,Sub,920.0,11.0,2.0,57.0,0.0,0.0,6.678973961621523,1.489454574882984,35.0,21.526376459747553,0.0
3802,2017,7634,1294,Paulo Dybala,h,AMC,946.0,12.0,2.0,61.0,0.0,0.0,6.843343291431665,1.606396824121475,38.0,22.13642669841647,3.0
3901,2017,7645,1294,Paulo Dybala,a,AMC,1036.0,12.0,2.0,66.0,0.0,0.0,7.079847637563944,1.7359297573566435,38.0,22.975472670048475,0.0
4166,2017,7652,1294,Paulo Dybala,h,Sub,1126.0,12.0,3.0,67.0,0.0,0.0,7.108943920582533,2.1984594762325287,39.0,23.525291237980127,1.0
4542,2017,7661,1294,Paulo Dybala,a,Sub,1140.0,12.0,3.0,68.0,0.0,0.0,7.128438454121351,2.1984594762325287,39.0,23.583774838596582,0.0
5234,2017,7684,1294,Paulo Dybala,a,FWR,1154.0,12.0,3.0,69.0,0.0,0.0,7.280944656580687,2.3334437161684036,39.0,24.176277685910463,0.0
5513,2017,7694,1294,Paulo Dybala,a,AMC,1244.0,14.0,3.0,74.0,0.0,0.0,7.674236100167036,2.492647171020508,45.0,25.515355471521616,6.0
6799,2017,7746,1294,Paulo Dybala,a,Sub,1297.0,14.0,3.0,75.0,0.0,0.0,7.745995316654444,2.5550036169588566,45.0,25.792989566922188,0.0
7271,2017,7765,1294,Paulo Dybala,a,FW,1319.0,14.0,3.0,78.0,0.0,0.0,8.60963198915124,2.5550036169588566,45.0,28.383899584412575,0.0
7508,2017,7778,1294,Paulo Dybala,h,FWL,1409.0,15.0,3.0,81.0,0.0,0.0,9.100216004997492,2.5550036169588566,48.0,29.855651631951332,3.0
7590,2017,7756,1294,Paulo Dybala,h,AMC,1499.0,17.0,3.0,86.0,0.0,0.0,9.903810951858759,2.856998447328806,54.0,32.56843130290508,6.0
7660,2017,7786,1294,Paulo Dybala,a,AMC,1589.0,17.0,3.0,89.0,0.0,0.0,10.250859413295984,3.0539028979837894,54.0,33.80648113787174,0.0
8146,2017,7792,1294,Paulo Dybala,h,FW,1679.0,17.0,3.0,93.0,0.0,0.0,10.408211801201105,3.079038454219699,54.0,34.303673857823014,0.0
8383,2017,7806,1294,Paulo Dybala,a,AMC,1769.0,18.0,4.0,94.0,0.0,0.0,10.432074956595898,3.3464910816401243,58.0,34.64271595142782,4.0
8868,2017,7815,1294,Paulo Dybala,h,AMC,1859.0,21.0,4.0,98.0,0.0,0.0,12.035890989005566,3.4127660896629095,67.0,39.520439056679606,9.0
9079,2017,7824,1294,Paulo Dybala,a,FWL,1927.0,21.0,4.0,102.0,0.0,0.0,12.256782062351704,3.4306128062307835,67.0,40.200958993285894,0.0
9427,2017,7835,1294,Paulo Dybala,h,AMC,2016.0,21.0,4.0,102.0,0.0,0.0,12.256782062351704,3.545937094837427,67.0,40.31628328189254,0.0
9530,2017,7842,1294,Paulo Dybala,a,Sub,2064.0,21.0,4.0,102.0,0.0,0.0,12.256782062351704,3.579912979155779,67.0,40.35025916621089,0.0
9789,2017,7851,1294,Paulo Dybala,h,FWR,2086.0,21.0,5.0,104.0,0.0,0.0,12.381868816912174,4.120412368327379,68.0,41.2660188190639,1.0
10278,2017,7862,1294,Paulo Dybala,a,AMC,2176.0,22.0,5.0,106.0,0.0,0.0,12.841713853180408,4.324292097240686,71.0,42.84943365678191,3.0
10319,2017,7874,1294,Paulo Dybala,h,FWR,2266.0,22.0,5.0,108.0,0.0,0.0,12.92745178937912,4.324292097240686,71.0,43.106647465378046,0.0
