,season,matchId,playerId,player,homeOrAway,position,time,goals,assists,shots,yellowCard,redCard,xG,xA,bonus,xB,lastBonus
33,2017,7500,1849,Rômulo,h,MC,0.0,0.0,0.0,0.0,0.0,0.0,0.0,0.0,0.0,0.0,0.0
517,2017,7517,1849,Rômulo,a,DR,90.0,0.0,0.0,0.0,1.0,0.0,0.0,0.1020757332444191,-0.5,-0.3979242667555809,-0.5
682,2017,7523,1849,Rômulo,h,Sub,180.0,0.0,0.0,0.0,1.0,0.0,0.0,0.1020757332444191,-0.5,-0.3979242667555809,0.0
888,2017,7535,1849,Rômulo,a,FWR,223.0,0.0,0.0,2.0,1.0,0.0,0.4360575079917907,0.115966816432774,-0.5,0.9241393404081464,0.0
1233,2017,7544,1849,Rômulo,h,DL,313.0,0.0,0.0,2.0,1.0,0.0,0.4360575079917907,0.15117047447711218,-0.5,0.9593429984524846,0.0
1537,2017,7552,1849,Rômulo,h,DR,403.0,0.0,0.0,4.0,1.0,0.0,0.7372122406959534,0.24799658823758347,-0.5,1.9596333103254437,0.0
1865,2017,7567,1849,Rômulo,a,MC,493.0,0.0,0.0,5.0,1.0,0.0,0.7893502302467823,0.24799658823758347,-0.5,2.1160472789779305,0.0
2183,2017,7573,1849,Rômulo,h,MC,524.0,0.0,0.0,5.0,1.0,0.0,0.7893502302467823,0.24799658823758347,-0.5,2.1160472789779305,0.0
2446,2017,7581,1849,Rômulo,a,MC,614.0,1.0,0.0,7.0,2.0,0.0,1.2594577558338642,0.24799658823758347,2.0,3.0263698557391763,2.5
2526,2017,7589,1849,Rômulo,a,DR,704.0,1.0,0.0,7.0,2.0,0.0,1.2594577558338642,0.32933321315795167,2.0,3.1077064806595445,0.0
3015,2017,7601,1849,Rômulo,h,DR,794.0,1.0,0.0,8.0,2.0,0.0,1.272373778745532,0.46492160577326996,2.0,3.2820429420098662,0.0
3144,2017,7611,1849,Rômulo,a,MR,884.0,1.0,0.0,8.0,2.0,0.0,1.272373778745532,0.5701752426102755,2.0,3.387296578846872,0.0
3549,2017,7621,1849,Rômulo,h,MR,974.0,1.0,0.0,8.0,2.0,0.0,1.272373778745532,0.5701752426102755,2.0,3.387296578846872,0.0
3646,2017,7637,1849,Rômulo,a,MR,1064.0,1.0,0.0,8.0,2.0,0.0,1.272373778745532,0.7906056167557833,2.0,3.6077269529923797,0.0
4101,2017,7643,1849,Rômulo,h,DR,1154.0,1.0,1.0,10.0,2.0,0.0,1.3664955478161573,1.0850237132981417,3.0,4.184510356746614,1.0
4256,2017,7657,1849,Rômulo,a,MR,1244.0,1.0,1.0,11.0,2.0,0.0,1.3808456994593143,1.2003784822300074,3.0,4.342915580607951,0.0
4494,2017,7664,1849,Rômulo,h,MR,1334.0,1.0,1.0,15.0,2.0,0.0,1.8434323109686375,1.216846921481192,3.0,5.7471438543871045,0.0
4898,2017,7678,1849,Rômulo,a,MR,1424.0,1.0,3.0,15.0,2.0,0.0,1.8434323109686375,2.1604999089613557,5.0,6.690796841867268,2.0
5217,2017,7684,1849,Rômulo,h,MR,1514.0,1.0,3.0,15.0,2.0,0.0,1.8434323109686375,2.2454105773940682,5.0,6.775707510299981,0.0
5370,2017,7692,1849,Rômulo,a,MR,1604.0,1.0,3.0,15.0,3.0,0.0,1.8434323109686375,2.2454105773940682,4.5,6.275707510299981,-0.5
5610,2017,7701,1849,Rômulo,h,AMR,1694.0,1.0,3.0,15.0,4.0,0.0,1.8434323109686375,2.2829760359600186,4.0,5.813272968865931,-0.5
5984,2017,7713,1849,Rômulo,a,MR,1784.0,1.0,3.0,18.0,4.0,0.0,2.3610544241964817,2.2829760359600186,4.0,7.366139308549464,0.0
6194,2017,7725,1849,Rômulo,h,MR,1874.0,1.0,4.0,18.0,4.0,0.0,2.3610544241964817,2.6656585382297635,5.0,7.748821810819209,1.0
6621,2017,7734,1849,Rômulo,a,DR,1964.0,1.0,4.0,18.0,4.0,0.0,2.3610544241964817,2.867279996164143,5.0,7.950443268753588,0.0
6960,2017,7744,1849,Rômulo,a,MR,2054.0,1.0,4.0,18.0,4.0,0.0,2.3610544241964817,3.0833366559818387,5.0,8.166499928571284,0.0
7085,2017,7750,1849,Rômulo,h,MC,2144.0,1.0,4.0,18.0,4.0,0.0,2.3610544241964817,3.131749310530722,5.0,8.214912583120167,0.0
7700,2017,7779,1849,Rômulo,h,MC,2203.0,1.0,4.0,18.0,5.0,0.0,2.3610544241964817,3.131749310530722,4.5,7.714912583120167,-0.5
7991,2017,7791,1849,Rômulo,a,MR,2293.0,1.0,4.0,18.0,5.0,0.0,2.3610544241964817,3.192916759289801,4.5,7.776080031879246,0.0
8269,2017,7763,1849,Rômulo,a,MC,2383.0,1.0,4.0,18.0,6.0,0.0,2.3610544241964817,3.192916759289801,4.0,7.276080031879246,-0.5
8531,2017,7801,1849,Rômulo,h,MC,2473.0,1.0,4.0,18.0,6.0,0.0,2.3610544241964817,3.192916759289801,4.0,7.276080031879246,0.0
8823,2017,7811,1849,Rômulo,a,MR,2563.0,2.0,4.0,19.0,6.0,0.0,3.122353259474039,3.2601181799545884,7.0,9.627177958376706,3.0
9140,2017,7827,1849,Rômulo,h,DR,2631.0,2.0,4.0,20.0,6.0,0.0,3.3963198103010654,3.3650778690353036,7.0,10.5540372999385,0.0
9467,2017,7833,1849,Rômulo,a,MC,2721.0,2.0,4.0,20.0,6.0,0.0,3.3963198103010654,3.4018573919311166,7.0,10.590816822834313,0.0
9676,2017,7847,1849,Rômulo,h,MC,2811.0,3.0,4.0,24.0,6.0,0.0,4.510258737951517,3.5222984412685037,10.0,14.053074655123055,3.0
9772,2017,7854,1849,Rômulo,a,MC,2901.0,3.0,4.0,25.0,6.0,0.0,4.5386745650321245,3.537746266461909,10.0,14.153769961558282,0.0
10206,2017,7868,1849,Rômulo,h,MC,2991.0,3.0,4.0,26.0,6.0,0.0,4.585050152614713,3.537746266461909,10.0,14.292896724306047,0.0
10330,2017,7874,1849,Rômulo,a,MR,3081.0,3.0,4.0,26.0,7.0,0.0,4.585050152614713,3.605206192471087,9.5,13.860356650315225,-0.5
