,season,matchId,playerId,player,homeOrAway,position,time,goals,assists,shots,yellowCard,redCard,xG,xA,bonus,xB,lastBonus
92,2017,7502,1445,Simone Verdi,h,FWR,0.0,0.0,0.0,0.0,0.0,0.0,0.0,0.0,0.0,0.0,0.0
328,2017,7515,1445,Simone Verdi,a,FWR,82.0,0.0,1.0,3.0,0.0,0.0,0.11214529722929,0.051292285323143,1.0,0.387728177011013,1.0
789,2017,7521,1445,Simone Verdi,h,AMR,172.0,0.0,1.0,7.0,0.0,0.0,0.3213641569018364,0.1775642484426498,1.0,1.141656719148159,0.0
860,2017,7531,1445,Simone Verdi,a,FWR,262.0,0.0,1.0,9.0,1.0,0.0,0.43059072643518437,0.2355086132884025,0.5,1.027280792593956,-0.5
1098,2017,7541,1445,Simone Verdi,h,FWR,352.0,0.0,1.0,10.0,1.0,0.0,0.43974541127681716,0.3677457645535468,0.5,1.1869819983839989,0.0
1616,2017,7557,1445,Simone Verdi,a,FW,442.0,1.0,1.0,19.0,1.0,0.0,1.179759845137596,0.3677457645535468,3.5,3.4070252999663353,3.0
1698,2017,7562,1445,Simone Verdi,a,FWR,513.0,1.0,1.0,21.0,1.0,0.0,1.2390517480671404,0.3677457645535468,3.5,3.5849010087549686,0.0
2019,2017,7569,1445,Simone Verdi,h,FWR,603.0,1.0,1.0,23.0,1.0,0.0,1.2938019447028635,0.3859489001333712,3.5,3.7673547342419624,0.0
2282,2017,7579,1445,Simone Verdi,a,FWR,693.0,1.0,1.0,28.0,1.0,0.0,1.4432931803166864,0.9911382235586641,3.5,4.821017764508724,0.0
2547,2017,7590,1445,Simone Verdi,h,FWR,783.0,1.0,1.0,31.0,1.0,0.0,1.610438223928213,1.0340048633515833,3.5,5.365319535136223,0.0
2813,2017,7604,1445,Simone Verdi,a,FWR,873.0,1.0,1.0,33.0,1.0,0.0,1.691875237971544,1.6759864650666711,3.5,6.251612178981304,0.0
3050,2017,7610,1445,Simone Verdi,h,FWR,963.0,1.0,1.0,36.0,1.0,0.0,1.7787412367761133,1.6759864650666711,3.5,6.512210175395012,0.0
3565,2017,7621,1445,Simone Verdi,a,AMC,1053.0,3.0,1.0,42.0,1.0,0.0,2.2004022561013694,1.72705702483654,9.5,7.82826379314065,6.0
3579,2017,7630,1445,Simone Verdi,h,FWR,1143.0,3.0,3.0,43.0,1.0,0.0,2.2388748750090595,2.2128630429506297,11.5,8.42948766797781,2.0
3969,2017,7640,1445,Simone Verdi,h,FWR,1215.0,4.0,4.0,45.0,1.0,0.0,2.713303260505199,2.2838577702641483,15.5,9.923767551779747,4.0
4343,2017,7654,1445,Simone Verdi,a,FWR,1305.0,4.0,4.0,47.0,1.0,0.0,2.8290496468544,2.307361906394362,15.5,10.294510846957564,0.0
4525,2017,7661,1445,Simone Verdi,h,AMC,1395.0,5.0,4.0,51.0,1.0,0.0,3.013912498950958,2.706566339358687,18.5,11.248303836211562,3.0
4705,2017,7670,1445,Simone Verdi,a,FWR,1485.0,5.0,4.0,51.0,1.0,0.0,3.013912498950958,2.7172552626579995,18.5,11.258992759510875,0.0
5081,2017,7681,1445,Simone Verdi,h,FWR,1569.0,6.0,5.0,55.0,1.0,0.0,3.5119485259056087,3.226200250908732,22.5,13.26204582862556,4.0
5317,2017,7690,1445,Simone Verdi,a,AMR,1659.0,6.0,5.0,58.0,1.0,0.0,3.7837120592594142,3.3857597392052408,22.5,14.236895916983485,0.0
5555,2017,7699,1445,Simone Verdi,h,FWR,1727.0,6.0,5.0,60.0,1.0,0.0,3.8527113348245616,3.4457568544894452,22.5,14.503890858963132,0.0
5930,2017,7711,1445,Simone Verdi,a,AMR,1817.0,6.0,8.0,63.0,1.0,0.0,4.11056338250637,4.5539236683398485,25.5,16.38561381585896,3.0
7243,2017,7759,1445,Simone Verdi,a,FW,1821.0,6.0,8.0,63.0,1.0,0.0,4.11056338250637,4.5539236683398485,25.5,16.38561381585896,0.0
7396,2017,7769,1445,Simone Verdi,h,FW,1880.0,6.0,8.0,63.0,1.0,0.0,4.11056338250637,4.868270548060536,25.5,16.699960695579648,0.0
7855,2017,7780,1445,Simone Verdi,a,FW,1970.0,6.0,8.0,67.0,1.0,0.0,4.359945967793464,5.015794875100255,25.5,17.59563277848065,0.0
7896,2017,7794,1445,Simone Verdi,h,FWR,2060.0,7.0,8.0,70.0,1.0,0.0,4.9792779833078376,5.059786794707179,28.5,19.497620744630694,3.0
8520,2017,7800,1445,Simone Verdi,a,FWR,2150.0,7.0,8.0,70.0,1.0,0.0,4.9792779833078376,5.059786794707179,28.5,19.497620744630694,0.0
8812,2017,7811,1445,Simone Verdi,h,FWR,2240.0,7.0,8.0,74.0,1.0,0.0,5.298251643776893,5.200636995956302,28.5,20.595391927286983,0.0
8994,2017,7820,1445,Simone Verdi,a,FW,2330.0,8.0,9.0,77.0,1.0,0.0,5.423006691038608,5.733951224014163,32.5,21.50297129712999,4.0
9303,2017,7830,1445,Simone Verdi,a,FW,2409.0,8.0,9.0,82.0,1.0,0.0,5.59096548706293,5.769477238878608,32.5,22.0423737000674,0.0
9623,2017,7844,1445,Simone Verdi,h,FWR,2499.0,8.0,9.0,84.0,1.0,0.0,5.97260046750307,5.826499139890075,32.5,23.244300542399287,0.0
9804,2017,7851,1445,Simone Verdi,a,FW,2589.0,8.0,10.0,87.0,1.0,0.0,6.052949346601962,5.892049795016646,33.5,23.550897834822536,1.0
10126,2017,7860,1445,Simone Verdi,h,FWL,2663.0,9.0,10.0,89.0,1.0,0.0,6.85363034158945,5.892049795016646,36.5,25.952940819785,3.0
10418,2017,7871,1445,Simone Verdi,a,FWL,2753.0,10.0,10.0,91.0,1.0,0.0,7.631895758211612,6.251846229657531,39.5,28.64753350429237,3.0
