,season,matchId,playerId,player,homeOrAway,position,time,goals,assists,shots,yellowCard,redCard,xG,xA,bonus,xB,lastBonus
15,2015,551,1254,Alessandro Florenzi,a,DR,0.0,0.0,0.0,0.0,0.0,0.0,0.0,0.0,0.0,0.0,0.0
333,2015,563,1254,Alessandro Florenzi,h,DR,90.0,1.0,0.0,1.0,0.0,0.0,0.0135954339057207,0.0728373304009437,3.0,0.1136236321181058,3.0
599,2015,572,1254,Alessandro Florenzi,a,DR,180.0,1.0,0.0,3.0,0.0,0.0,0.0554995890706777,0.13504573330283148,3.0,0.3015445005148648,0.0
957,2015,585,1254,Alessandro Florenzi,h,Sub,270.0,1.0,0.0,5.0,0.0,0.0,0.131168408319354,0.39853199943900086,3.0,0.792037224397063,0.0
1213,2015,594,1254,Alessandro Florenzi,a,DR,296.0,1.0,0.0,5.0,0.0,0.0,0.131168408319354,0.4577899388968942,3.0,0.8512951638549563,0.0
1777,2015,614,1254,Alessandro Florenzi,a,MR,386.0,1.0,0.0,7.0,0.0,0.0,0.1999230440706014,0.49000077694654426,3.0,1.0897699091583486,0.0
1959,2015,621,1254,Alessandro Florenzi,h,MC,470.0,2.0,1.0,9.0,0.0,0.0,0.57133630476892,1.0527639314532276,7.0,2.7667728457599874,4.0
2469,2015,639,1254,Alessandro Florenzi,a,DR,550.0,2.0,1.0,11.0,0.0,0.0,0.6176392454653977,1.1383397132158275,7.0,2.991257449612021,0.0
2655,2015,646,1254,Alessandro Florenzi,h,MC,640.0,2.0,2.0,11.0,1.0,0.0,0.6176392454653977,1.5332463234663005,7.5,2.886164059862494,0.5
2838,2015,652,1254,Alessandro Florenzi,a,MC,719.0,2.0,2.0,14.0,1.0,0.0,1.2569431085139513,1.6494819968938823,7.5,4.920311322435737,0.0
3222,2015,666,1254,Alessandro Florenzi,h,Sub,784.0,2.0,2.0,14.0,1.0,0.0,1.2569431085139513,1.6494819968938823,7.5,4.920311322435737,0.0
3371,2015,671,1254,Alessandro Florenzi,a,FWR,815.0,2.0,2.0,14.0,1.0,0.0,1.2569431085139513,1.6494819968938823,7.5,4.920311322435737,0.0
3683,2015,683,1254,Alessandro Florenzi,h,DR,905.0,2.0,2.0,17.0,1.0,0.0,1.4400541204959154,1.822711199522018,7.5,5.642873561009765,0.0
3949,2015,692,1254,Alessandro Florenzi,a,DR,976.0,2.0,2.0,20.0,1.0,0.0,1.4757745433598757,1.991586789488792,7.5,5.9189104195684195,0.0
4365,2015,707,1254,Alessandro Florenzi,a,DR,1066.0,2.0,2.0,20.0,2.0,0.0,1.4757745433598757,2.0601286366581912,7.0,5.487452266737819,-0.5
4573,2015,715,1254,Alessandro Florenzi,h,DR,1156.0,2.0,2.0,20.0,2.0,0.0,1.4757745433598757,2.0601286366581912,7.0,5.487452266737819,0.0
4787,2015,722,1254,Alessandro Florenzi,a,MC,1246.0,3.0,2.0,21.0,3.0,0.0,1.9591216016560793,2.795421607792377,9.5,7.172786412760615,2.5
5048,2015,732,1254,Alessandro Florenzi,h,DR,1336.0,4.0,2.0,24.0,3.0,0.0,2.3953038919717073,3.280234761536121,12.5,8.966146437451243,3.0
5447,2015,746,1254,Alessandro Florenzi,h,AML,1426.0,4.0,2.0,26.0,3.0,0.0,2.4338238704949617,3.280234761536121,12.5,9.081706373021007,0.0
5844,2015,760,1254,Alessandro Florenzi,a,MR,1516.0,4.0,2.0,27.0,3.0,0.0,2.4687619749456644,4.109734900295734,12.5,10.016020825132728,0.0
6670,2015,790,1254,Alessandro Florenzi,h,AMR,1606.0,4.0,2.0,29.0,3.0,0.0,2.505898667499423,4.109734900295734,12.5,10.127430902794003,0.0
6734,2015,792,1254,Alessandro Florenzi,a,DR,1696.0,5.0,2.0,31.0,3.0,0.0,2.9172389935702085,4.411215670406818,15.5,11.662932651117444,3.0
7197,2015,809,1254,Alessandro Florenzi,h,MC,1786.0,5.0,2.0,32.0,3.0,0.0,2.9311537090688944,4.533859618008137,15.5,11.82732074521482,0.0
7524,2015,821,1254,Alessandro Florenzi,h,DR,1876.0,5.0,2.0,34.0,3.0,0.0,3.005068788304925,4.533859618008137,15.5,12.049065982922912,0.0
7930,2015,835,1254,Alessandro Florenzi,a,DR,1966.0,5.0,2.0,34.0,3.0,0.0,3.005068788304925,4.6201973259449005,15.5,12.135403690859675,0.0
8111,2015,842,1254,Alessandro Florenzi,h,DR,2056.0,6.0,2.0,37.0,3.0,0.0,4.025192866101861,4.712971054017544,18.5,15.288549652323127,3.0
8486,2015,855,1254,Alessandro Florenzi,a,DR,2146.0,6.0,2.0,37.0,3.0,0.0,4.025192866101861,4.712971054017544,18.5,15.288549652323127,0.0
8891,2015,870,1254,Alessandro Florenzi,h,DR,2236.0,7.0,2.0,39.0,3.0,0.0,4.0746058244258165,4.855884529650211,21.5,15.579702002927661,3.0
9022,2015,874,1254,Alessandro Florenzi,a,MC,2326.0,7.0,2.0,39.0,3.0,0.0,4.0746058244258165,4.893025893718004,21.5,15.616843366995454,0.0
9259,2015,883,1254,Alessandro Florenzi,h,MC,2416.0,7.0,3.0,40.0,3.0,0.0,4.122141977772117,4.970528740435839,22.5,15.836954673752189,1.0
9673,2015,898,1254,Alessandro Florenzi,h,DR,2506.0,7.0,3.0,43.0,4.0,0.0,4.221160789951682,5.139740440994501,22.0,15.803222810849547,-0.5
10090,2015,913,1254,Alessandro Florenzi,h,DR,2555.0,7.0,3.0,44.0,4.0,0.0,4.241526287049055,5.139740440994501,22.0,15.864319302141666,0.0
10383,2015,923,1254,Alessandro Florenzi,a,DR,2645.0,7.0,3.0,45.0,4.0,0.0,4.255210869945586,5.1873559430241585,22.0,15.952988552860916,0.0
