,season,matchId,playerId,player,homeOrAway,position,time,goals,assists,shots,yellowCard,redCard,xG,xA,bonus,xB,lastBonus
663,2015,574,1186,Andrea Belotti,a,FW,0.0,0.0,0.0,0.0,0.0,0.0,0.0,0.0,0.0,0.0,0.0
983,2015,586,1186,Andrea Belotti,h,FW,60.0,0.0,0.0,0.0,0.0,0.0,0.0,0.0,0.0,0.0,0.0
1281,2015,596,1186,Andrea Belotti,a,Sub,116.0,0.0,1.0,3.0,0.0,0.0,0.2427239269018173,0.9511745572090148,1.0,1.6793463379144669,1.0
1699,2015,611,1186,Andrea Belotti,a,Sub,137.0,0.0,1.0,3.0,0.0,0.0,0.2427239269018173,0.9511745572090148,1.0,1.6793463379144669,0.0
1994,2015,622,1186,Andrea Belotti,h,Sub,160.0,0.0,1.0,3.0,0.0,0.0,0.2427239269018173,0.9511745572090148,1.0,1.6793463379144669,0.0
2449,2015,638,1186,Andrea Belotti,a,FW,177.0,0.0,2.0,3.0,0.0,0.0,0.2427239269018173,1.0245025157928465,2.0,1.7526742964982986,1.0
2742,2015,649,1186,Andrea Belotti,h,FW,239.0,0.0,2.0,4.0,0.0,0.0,0.2547124149277806,1.0245025157928465,2.0,1.7886397605761886,0.0
2815,2015,651,1186,Andrea Belotti,a,Sub,316.0,0.0,2.0,7.0,0.0,0.0,0.4735009791329502,1.193949520587921,2.0,2.614452457986772,0.0
3135,2015,663,1186,Andrea Belotti,h,FW,317.0,0.0,2.0,7.0,0.0,0.0,0.4735009791329502,1.193949520587921,2.0,2.614452457986772,0.0
3595,2015,679,1186,Andrea Belotti,a,FW,382.0,0.0,2.0,10.0,0.0,0.0,1.37011016625911,1.193949520587921,2.0,5.304280019365251,0.0
3638,2015,681,1186,Andrea Belotti,h,FW,472.0,0.0,2.0,16.0,0.0,0.0,2.449136150069535,1.251536317169666,2.0,8.59894476737827,0.0
3943,2015,692,1186,Andrea Belotti,h,FW,562.0,1.0,2.0,18.0,0.0,0.0,2.59580719191581,1.300010949373245,5.0,9.087432525120676,3.0
4638,2015,717,1186,Andrea Belotti,h,FW,652.0,1.0,2.0,20.0,0.0,0.0,3.2622187109664083,1.3213726188987491,5.0,11.108028751797974,0.0
4986,2015,729,1186,Andrea Belotti,a,FW,742.0,1.0,2.0,23.0,0.0,0.0,3.4427049281075597,1.3213726188987491,5.0,11.649487403221428,0.0
5168,2015,736,1186,Andrea Belotti,h,FW,808.0,1.0,2.0,24.0,0.0,0.0,3.4785668598487973,1.3213726188987491,5.0,11.757073198445141,0.0
5308,2015,741,1186,Andrea Belotti,h,FW,878.0,1.0,2.0,27.0,1.0,0.0,3.7253352599218488,1.3437661025673149,4.5,12.019771882332861,-0.5
5572,2015,750,1186,Andrea Belotti,a,FW,968.0,3.0,3.0,29.0,1.0,0.0,4.559308071620762,1.6890605483204124,11.5,14.8669847631827,7.0
5655,2015,753,1186,Andrea Belotti,a,FW,1058.0,4.0,3.0,33.0,1.0,0.0,5.3174201445654035,1.6890605483204124,14.5,17.141320982016623,3.0
6002,2015,766,1186,Andrea Belotti,h,FW,1148.0,4.0,3.0,33.0,1.0,0.0,5.3174201445654035,1.6890605483204124,14.5,17.141320982016623,0.0
6353,2015,778,1186,Andrea Belotti,a,FW,1238.0,4.0,3.0,35.0,1.0,0.0,5.410292115993798,2.550136724486947,14.5,18.28101307246834,0.0
6589,2015,787,1186,Andrea Belotti,h,FW,1328.0,6.0,3.0,39.0,1.0,0.0,6.858751860447228,2.550136724486947,20.5,22.62639230582863,6.0
6879,2015,797,1186,Andrea Belotti,a,FW,1391.0,6.0,3.0,39.0,1.0,0.0,6.858751860447228,2.62209159322083,20.5,22.698347174562514,0.0
7144,2015,807,1186,Andrea Belotti,h,FW,1481.0,6.0,3.0,43.0,1.0,0.0,7.626050082035363,3.0980300921946764,20.5,25.476180338300765,0.0
7297,2015,812,1186,Andrea Belotti,a,FW,1571.0,6.0,3.0,46.0,1.0,0.0,7.75615890044719,3.0980300921946764,20.5,25.866506793536246,0.0
7617,2015,824,1186,Andrea Belotti,h,FW,1661.0,6.0,3.0,48.0,1.0,0.0,7.902049389667809,3.3892984110862017,20.5,26.59544658008963,0.0
8021,2015,838,1186,Andrea Belotti,a,FW,1751.0,7.0,3.0,50.0,1.0,0.0,9.02690300066024,3.459691436961293,23.5,30.040400438942015,3.0
8258,2015,847,1186,Andrea Belotti,h,FW,1813.0,7.0,4.0,50.0,1.0,0.0,9.02690300066024,3.840511681511998,24.5,30.42122068349272,1.0
8607,2015,859,1186,Andrea Belotti,a,FW,1903.0,8.0,4.0,52.0,2.0,0.0,9.818105009384453,3.840511681511998,27.0,32.29482670966536,2.5
8815,2015,867,1186,Andrea Belotti,h,FW,1993.0,9.0,4.0,57.0,3.0,0.0,11.39946296531707,3.840511681511998,29.5,36.53890057746321,2.5
8941,2015,871,1186,Andrea Belotti,a,FW,2066.0,9.0,4.0,58.0,3.0,0.0,11.470883061178029,3.840511681511998,29.5,36.753160865046084,0.0
9275,2015,883,1186,Andrea Belotti,a,FW,2156.0,10.0,4.0,59.0,3.0,0.0,12.232181896455586,3.9533619675785303,32.5,39.14990765694529,3.0
9542,2015,893,1186,Andrea Belotti,h,FW,2246.0,11.0,4.0,63.0,4.0,0.0,13.146921147592366,3.973702175542712,35.0,41.41446561831981,2.5
9779,2015,901,1186,Andrea Belotti,a,FW,2336.0,11.0,4.0,68.0,4.0,0.0,13.424483348615468,3.973702175542712,35.0,42.247152221389115,0.0
10265,2015,919,1186,Andrea Belotti,h,FW,2426.0,12.0,4.0,69.0,4.0,0.0,13.768195291049778,4.123799754306674,38.0,43.42838562745601,3.0
10448,2015,925,1186,Andrea Belotti,a,FW,2516.0,12.0,4.0,69.0,4.0,0.0,13.768195291049778,4.123799754306674,38.0,43.42838562745601,0.0
