,season,matchId,playerId,player,homeOrAway,position,time,goals,assists,shots,yellowCard,redCard,xG,xA,bonus,xB,lastBonus
243,2015,559,1125,Carlos Bacca,a,FW,0.0,0.0,0.0,0.0,0.0,0.0,0.0,0.0,0.0,0.0,0.0
314,2015,562,1125,Carlos Bacca,h,FW,79.0,0.0,0.0,2.0,0.0,0.0,0.0753229707479476,0.0228922218084335,0.0,0.2488611340522766,0.0
802,2015,579,1125,Carlos Bacca,a,FW,169.0,1.0,0.0,4.0,0.0,0.0,0.6219147890806197,0.0228922218084335,3.0,1.888636589050293,3.0
872,2015,582,1125,Carlos Bacca,h,FW,232.0,1.0,0.0,4.0,0.0,0.0,0.6219147890806197,0.4554138332605361,3.0,2.3211582005023956,0.0
1138,2015,591,1125,Carlos Bacca,a,FW,322.0,3.0,0.0,8.0,0.0,0.0,1.3010941594839096,0.5281913354992864,9.0,4.4314738139510155,6.0
1475,2015,603,1125,Carlos Bacca,a,Sub,404.0,3.0,0.0,9.0,0.0,0.0,1.4257489740848541,0.5281913354992864,9.0,4.805438257753849,0.0
1908,2015,619,1125,Carlos Bacca,h,FW,411.0,3.0,0.0,9.0,0.0,0.0,1.4257489740848541,0.5281913354992864,9.0,4.805438257753849,0.0
2008,2015,622,1125,Carlos Bacca,a,Sub,501.0,3.0,0.0,10.0,0.0,0.0,1.4611296765506268,0.5600893981754778,9.0,4.943478427827358,0.0
2379,2015,636,1125,Carlos Bacca,h,FW,534.0,4.0,0.0,12.0,0.0,0.0,1.9882158748805523,0.6120943538844582,12.0,6.576741978526115,3.0
2603,2015,644,1125,Carlos Bacca,h,FW,624.0,5.0,0.0,14.0,0.0,0.0,2.811534356325865,0.668744824826717,15.0,9.103347893804312,3.0
3008,2015,658,1125,Carlos Bacca,a,FW,714.0,5.0,1.0,17.0,0.0,0.0,2.9199693985283375,0.784441120922565,16.0,9.544349316507578,1.0
3106,2015,662,1125,Carlos Bacca,h,FW,804.0,6.0,1.0,18.0,0.0,0.0,3.4815218038856983,0.784441120922565,19.0,11.22900653257966,3.0
3400,2015,672,1125,Carlos Bacca,a,FW,894.0,6.0,1.0,19.0,1.0,0.0,3.6043044216930866,0.784441120922565,18.5,11.097354386001825,-0.5
3664,2015,682,1125,Carlos Bacca,h,FW,984.0,6.0,1.0,19.0,1.0,0.0,3.6043044216930866,0.8179911635816092,18.5,11.13090442866087,0.0
4180,2015,700,1125,Carlos Bacca,a,FW,1074.0,6.0,1.0,22.0,1.0,0.0,4.175864387303591,0.8179911635816092,18.5,12.845584325492382,0.0
4276,2015,704,1125,Carlos Bacca,h,FW,1164.0,6.0,1.0,22.0,1.0,0.0,4.175864387303591,0.8493607714772219,18.5,12.876953933387995,0.0
4679,2015,718,1125,Carlos Bacca,a,FW,1254.0,7.0,1.0,23.0,1.0,0.0,4.595469880849123,1.334545768797397,21.5,14.620955411344767,3.0
4917,2015,727,1125,Carlos Bacca,h,FW,1344.0,8.0,1.0,26.0,1.0,0.0,6.0999558456242085,1.3954640664160245,24.5,19.19533160328865,3.0
5071,2015,732,1125,Carlos Bacca,a,FW,1434.0,8.0,1.0,30.0,1.0,0.0,6.691315460950136,1.4503956846892827,24.5,21.024342067539692,0.0
5531,2015,749,1125,Carlos Bacca,h,FW,1524.0,8.0,1.0,34.0,1.0,0.0,6.958569664508104,1.4665921404957765,24.5,21.84230113402009,0.0
5628,2015,752,1125,Carlos Bacca,a,FW,1611.0,9.0,1.0,35.0,2.0,0.0,7.016281522810459,1.4665921404957765,27.0,21.515436708927155,2.5
6114,2015,770,1125,Carlos Bacca,h,FW,1701.0,10.0,1.0,36.0,2.0,0.0,7.394561447203159,1.5518876835703843,30.0,22.735572025179863,3.0
6297,2015,776,1125,Carlos Bacca,a,FW,1787.0,11.0,1.0,39.0,2.0,0.0,8.181482531130314,1.5518876835703843,33.0,25.096335276961327,3.0
6617,2015,788,1125,Carlos Bacca,h,FW,1871.0,12.0,1.0,42.0,2.0,0.0,8.779517330229282,2.1315618678927413,36.0,27.47011385858059,3.0
6837,2015,796,1125,Carlos Bacca,h,FW,1961.0,12.0,2.0,46.0,2.0,0.0,9.415928043425083,2.702677242457866,37.0,29.950461372733116,1.0
7242,2015,810,1125,Carlos Bacca,a,FW,2050.0,13.0,2.0,47.0,2.0,0.0,9.482342943549156,2.8300702050328246,40.0,30.277099035680294,3.0
7283,2015,812,1125,Carlos Bacca,h,FW,2123.0,13.0,2.0,48.0,2.0,0.0,9.517247691750526,2.8300702050328246,40.0,30.381813280284405,0.0
7659,2015,825,1125,Carlos Bacca,a,FW,2213.0,13.0,2.0,49.0,2.0,0.0,9.571961540728807,3.0451947525143614,40.0,30.761079374700785,0.0
7910,2015,834,1125,Carlos Bacca,a,FW,2303.0,13.0,2.0,52.0,2.0,0.0,9.72274737432599,3.301715649664401,40.0,31.469957772642374,0.0
8343,2015,850,1125,Carlos Bacca,h,FW,2393.0,13.0,2.0,53.0,2.0,0.0,9.746755328029394,3.301715649664401,40.0,31.541981633752584,0.0
8579,2015,858,1125,Carlos Bacca,a,FW,2483.0,14.0,2.0,56.0,2.0,0.0,9.897798608988523,3.456435061991214,43.0,32.149830888956785,3.0
8733,2015,864,1125,Carlos Bacca,h,FW,2573.0,14.0,2.0,57.0,2.0,0.0,10.208733897656202,3.581202007830142,43.0,33.20740370079875,0.0
9191,2015,880,1125,Carlos Bacca,a,FW,2663.0,14.0,2.0,59.0,2.0,0.0,10.315458845347166,3.581202007830142,43.0,33.52757854387164,0.0
9458,2015,890,1125,Carlos Bacca,h,FW,2746.0,15.0,2.0,63.0,2.0,0.0,11.20944882556796,3.5922641502693287,46.0,36.22061062697321,3.0
9724,2015,899,1125,Carlos Bacca,a,FW,2819.0,15.0,2.0,65.0,2.0,0.0,11.392419409006834,3.6577097596600643,46.0,36.83496798668057,0.0
9902,2015,906,1125,Carlos Bacca,h,FW,2909.0,15.0,2.0,69.0,2.0,0.0,11.664964150637388,3.6577097596600643,46.0,37.65260221157223,0.0
10084,2015,912,1125,Carlos Bacca,a,FW,2999.0,16.0,2.0,73.0,2.0,0.0,12.845872234553099,3.6577097596600643,49.0,41.19532646331936,3.0
10377,2015,923,1125,Carlos Bacca,h,FW,3089.0,17.0,2.0,75.0,2.0,0.0,13.63981605693698,3.6577097596600643,52.0,43.577157930471,3.0
