,season,matchId,playerId,player,homeOrAway,position,time,goals,assists,shots,yellowCard,redCard,xG,xA,bonus,xB,lastBonus
146,2015,556,1612,Domenico Berardi,h,FWR,0.0,0.0,0.0,0.0,0.0,0.0,0.0,0.0,0.0,0.0,0.0
972,2015,585,1612,Domenico Berardi,a,Sub,63.0,0.0,1.0,2.0,1.0,0.0,0.0868995860219001,0.4301344454288482,0.5,0.1908332034945488,0.5
1196,2015,593,1612,Domenico Berardi,a,Sub,72.0,0.0,1.0,3.0,1.0,0.0,0.1181931495666503,0.4301344454288482,0.5,0.2847138941287994,0.0
1514,2015,605,1612,Domenico Berardi,h,FWR,94.0,0.0,1.0,4.0,1.0,0.0,0.1369667071849106,0.48895325139164914,0.5,0.39985337294638146,0.0
2128,2015,627,1612,Domenico Berardi,h,FWR,178.0,0.0,1.0,7.0,2.0,0.0,0.20179087109863741,0.5669988580048082,0.0,0.17237147130072106,-0.5
2392,2015,636,1612,Domenico Berardi,a,FWR,261.0,1.0,1.0,12.0,2.0,0.0,1.1502586621791122,0.5915853288024661,3.0,3.0423613153398037,3.0
2713,2015,648,1612,Domenico Berardi,h,FWR,340.0,2.0,1.0,15.0,3.0,0.0,1.2371944878250358,0.5915853288024661,5.5,2.8031687922775745,2.5
2979,2015,657,1612,Domenico Berardi,a,FWR,423.0,2.0,1.0,15.0,4.0,0.0,1.2371944878250358,0.5915853288024661,5.0,2.3031687922775745,-0.5
3161,2015,664,1612,Domenico Berardi,h,FWR,513.0,2.0,1.0,19.0,4.0,0.0,1.3403584379702804,0.7375738378614184,5.0,2.7586491517722607,0.0
3566,2015,678,1612,Domenico Berardi,a,FWR,603.0,2.0,2.0,24.0,4.0,0.0,1.6665413398295639,1.3176925536245103,6.0,4.317316573113203,1.0
4831,2015,724,1612,Domenico Berardi,h,FWR,643.0,2.0,2.0,27.0,4.0,1.0,1.8468425739556549,1.3423831947147842,5.5,4.38291091658175,-0.5
5097,2015,733,1612,Domenico Berardi,a,FWR,733.0,2.0,2.0,31.0,4.0,1.0,2.03043164499104,1.4940260089933868,5.5,5.085320943966508,0.0
5557,2015,750,1612,Domenico Berardi,h,FWR,823.0,3.0,2.0,34.0,5.0,1.0,2.8552764821797605,1.9793799258768554,8.0,7.545209372416139,2.5
5724,2015,756,1612,Domenico Berardi,h,FWR,898.0,3.0,2.0,35.0,5.0,1.0,2.8827968090772624,1.9793799258768554,8.0,7.6277703531086445,0.0
5905,2015,762,1612,Domenico Berardi,a,FWL,981.0,3.0,2.0,39.0,5.0,1.0,3.0813164412975307,2.070092726498842,8.0,8.314042050391436,0.0
6141,2015,771,1612,Domenico Berardi,h,FWR,1071.0,4.0,2.0,41.0,6.0,1.0,3.787942379713058,2.1153995804488654,10.5,9.979226719588041,2.5
6534,2015,785,1612,Domenico Berardi,h,FWL,1161.0,4.0,2.0,46.0,6.0,1.0,4.669274836778641,2.214279275387525,10.5,12.722103785723448,0.0
6795,2015,794,1612,Domenico Berardi,a,FWR,1251.0,4.0,2.0,51.0,6.0,1.0,4.904826298356056,2.780533235520124,10.5,13.995012130588293,0.0
7086,2015,805,1612,Domenico Berardi,h,FWR,1332.0,4.0,2.0,54.0,6.0,1.0,5.074181288480759,2.797511629760265,10.5,14.520055495202541,0.0
7490,2015,819,1612,Domenico Berardi,a,FWR,1415.0,5.0,3.0,57.0,6.0,1.0,5.180396199226379,3.1572426483035083,14.5,15.198431245982647,4.0
7643,2015,825,1612,Domenico Berardi,h,FWR,1505.0,6.0,3.0,60.0,6.0,1.0,6.333920359611511,3.2543089166283603,17.5,18.756069995462894,3.0
8289,2015,848,1612,Domenico Berardi,h,Sub,1591.0,6.0,4.0,66.0,7.0,1.0,6.929067611694336,3.36129231005907,18.0,20.14849514514208,0.5
8381,2015,851,1612,Domenico Berardi,a,FWR,1596.0,6.0,4.0,66.0,7.0,1.0,6.929067611694336,3.36129231005907,18.0,20.14849514514208,0.0
8675,2015,862,1612,Domenico Berardi,h,FWR,1677.0,6.0,4.0,69.0,7.0,1.0,7.414543479681015,3.36129231005907,18.0,21.604922749102116,0.0
9051,2015,875,1612,Domenico Berardi,a,FWR,1754.0,6.0,4.0,72.0,7.0,1.0,7.488008767366409,3.3860505558550353,18.0,21.850076857954264,0.0
9232,2015,882,1612,Domenico Berardi,h,FWR,1844.0,7.0,4.0,75.0,8.0,1.0,7.964753329753876,3.3860505558550353,20.5,22.780310545116663,2.5
9554,2015,893,1612,Domenico Berardi,a,FWR,1934.0,7.0,4.0,80.0,9.0,1.0,8.853567123413086,3.5336529500782485,20.0,25.094354320317507,-0.5
9929,2015,907,1612,Domenico Berardi,h,FWR,2024.0,7.0,5.0,81.0,9.0,1.0,8.887624215334654,3.9901591129600997,21.0,25.65303175896406,1.0
10195,2015,916,1612,Domenico Berardi,a,FWR,2099.0,7.0,5.0,83.0,9.0,1.0,8.96753802523017,3.9901591129600997,21.0,25.892773188650608,0.0
