,season,matchId,playerId,player,homeOrAway,position,time,goals,assists,shots,yellowCard,redCard,xG,xA,bonus,xB,lastBonus
787,2015,579,448,Ivan Perisic,h,AMC,0.0,0.0,0.0,0.0,0.0,0.0,0.0,0.0,0.0,0.0,0.0
912,2015,583,448,Ivan Perisic,a,AMC,86.0,0.0,0.0,1.0,0.0,0.0,0.0116208307445049,0.2495754063129425,0.0,0.2844378985464573,0.0
1319,2015,598,448,Ivan Perisic,h,AMC,176.0,0.0,0.0,3.0,0.0,0.0,0.1920832656323909,0.2863317877054214,0.0,0.8625815846025944,0.0
1594,2015,608,448,Ivan Perisic,h,DMR,266.0,0.0,0.0,6.0,0.0,0.0,0.389193084090948,0.2863317877054214,0.0,1.4539110399782658,0.0
1809,2015,615,448,Ivan Perisic,a,AMC,328.0,0.0,0.0,6.0,0.0,0.0,0.389193084090948,0.2863317877054214,0.0,1.4539110399782658,0.0
2211,2015,630,448,Ivan Perisic,h,ML,418.0,1.0,0.0,10.0,1.0,0.0,1.2229140661656857,0.2863317877054214,2.5,3.4550739862024784,2.5
2308,2015,633,448,Ivan Perisic,a,ML,508.0,1.0,0.0,13.0,1.0,0.0,1.3268388994038105,0.2863317877054214,2.5,3.766848485916853,0.0
2532,2015,641,448,Ivan Perisic,a,FWR,598.0,2.0,0.0,16.0,1.0,0.0,2.324140775948763,0.3021632768213748,5.5,6.774585604667664,3.0
2825,2015,652,448,Ivan Perisic,h,FWR,673.0,2.0,0.0,18.0,1.0,0.0,2.6086501963436604,0.3021632768213748,5.5,7.628113865852356,0.0
3150,2015,663,448,Ivan Perisic,a,Sub,763.0,2.0,0.0,18.0,1.0,0.0,2.6086501963436604,0.427287671715021,5.5,7.753238260746002,0.0
3613,2015,680,448,Ivan Perisic,h,Sub,784.0,2.0,0.0,18.0,1.0,0.0,2.6086501963436604,0.473066098988056,5.5,7.799016688019037,0.0
3900,2015,690,448,Ivan Perisic,a,FWR,788.0,2.0,0.0,18.0,1.0,0.0,2.6086501963436604,0.473066098988056,5.5,7.799016688019037,0.0
3973,2015,693,448,Ivan Perisic,h,Sub,873.0,2.0,0.0,20.0,1.0,0.0,2.7406396754086018,0.4888799935579298,5.5,8.210799019783735,0.0
4258,2015,703,448,Ivan Perisic,a,MR,885.0,2.0,0.0,20.0,1.0,0.0,2.7406396754086018,0.5874423682689665,5.5,8.309361394494772,0.0
4692,2015,719,448,Ivan Perisic,h,AML,975.0,2.0,0.0,21.0,2.0,0.0,2.7559372913092375,0.9897761344909666,5.0,8.25758800841868,-0.5
4957,2015,728,448,Ivan Perisic,a,FWR,1065.0,2.0,1.0,23.0,2.0,0.0,2.8490962367504835,1.2357887774705885,6.0,8.78307748772204,1.0
5083,2015,733,448,Ivan Perisic,h,FWR,1155.0,2.0,2.0,26.0,2.0,0.0,2.9566584657877684,1.870586648583412,7.0,9.740562045946717,1.0
5296,2015,740,448,Ivan Perisic,a,Sub,1220.0,2.0,2.0,27.0,2.0,0.0,3.0160932447761297,2.198124691843986,7.0,10.246404426172376,0.0
5693,2015,755,448,Ivan Perisic,h,MR,1251.0,2.0,2.0,28.0,2.0,0.0,3.036936206743121,2.2875700742006297,7.0,10.398378694429994,0.0
6124,2015,770,448,Ivan Perisic,a,MR,1341.0,2.0,2.0,33.0,2.0,0.0,3.2574170660227537,2.304289544001221,7.0,11.076540742069483,0.0
6494,2015,783,448,Ivan Perisic,a,Sub,1420.0,2.0,2.0,36.0,2.0,0.0,3.31330325268209,2.3403966333717103,7.0,11.28030639141798,0.0
6965,2015,800,448,Ivan Perisic,a,Sub,1464.0,3.0,3.0,37.0,2.0,0.0,3.6162446942180395,2.7317163255065675,11.0,12.580450408160686,4.0
7030,2015,803,448,Ivan Perisic,h,ML,1483.0,3.0,3.0,38.0,2.0,0.0,3.6319300290197134,2.7317163255065675,11.0,12.627506412565708,0.0
7466,2015,818,448,Ivan Perisic,a,Sub,1573.0,3.0,3.0,39.0,2.0,0.0,3.657873658463359,2.7317163255065675,11.0,12.705337300896645,0.0
7784,2015,830,448,Ivan Perisic,h,AML,1589.0,3.0,3.0,40.0,2.0,0.0,3.672340825200081,2.7317163255065675,11.0,12.74873880110681,0.0
7868,2015,833,448,Ivan Perisic,h,AML,1679.0,4.0,4.0,43.0,2.0,0.0,4.254882887005806,2.777646223083138,15.0,14.542294884100556,4.0
8133,2015,842,448,Ivan Perisic,a,AML,1769.0,5.0,4.0,47.0,2.0,0.0,5.101185634732246,2.7924096779897805,18.0,17.09596658218652,3.0
8592,2015,859,448,Ivan Perisic,h,AML,1859.0,6.0,4.0,50.0,2.0,0.0,5.237388253211975,2.870976370759308,21.0,17.583141130395234,3.0
8662,2015,861,448,Ivan Perisic,a,AML,1949.0,6.0,4.0,52.0,2.0,0.0,5.3265930116176605,3.010773104615509,21.0,17.99055213946849,0.0
8982,2015,873,448,Ivan Perisic,h,AML,2039.0,6.0,5.0,55.0,2.0,0.0,5.892509430646896,3.146179524250328,22.0,19.823707816191018,1.0
9415,2015,888,448,Ivan Perisic,a,AML,2129.0,6.0,5.0,57.0,3.0,0.0,6.17484650015831,3.2057942012324925,21.5,20.230333701707423,-0.5
9488,2015,891,448,Ivan Perisic,h,Sub,2204.0,6.0,5.0,60.0,3.0,0.0,6.443252056837082,3.2653115699067707,21.5,21.095067740418017,0.0
9972,2015,908,448,Ivan Perisic,a,AML,2230.0,6.0,5.0,62.0,4.0,0.0,6.595029771327972,3.2653115699067707,21.0,21.05040088389069,-0.5
10042,2015,911,448,Ivan Perisic,h,AML,2320.0,6.0,5.0,66.0,4.0,0.0,6.774303957819939,3.352517054416239,21.0,21.675428927876055,0.0
