,season,matchId,playerId,player,homeOrAway,position,time,goals,assists,shots,yellowCard,redCard,xG,xA,bonus,xB,lastBonus
228,2015,559,1426,Josip Ilicic,h,AMC,0.0,0.0,0.0,0.0,0.0,0.0,0.0,0.0,0.0,0.0,0.0
383,2015,564,1426,Josip Ilicic,a,AMC,69.0,1.0,0.0,6.0,1.0,0.0,1.4069983959197998,0.328883409500122,2.5,4.0498785972595215,2.5
1294,2015,597,1426,Josip Ilicic,h,Sub,144.0,1.0,0.0,8.0,1.0,0.0,1.4408004321157932,0.328883409500122,2.5,4.151284705847502,0.0
1612,2015,608,1426,Josip Ilicic,a,AMC,154.0,1.0,0.0,9.0,1.0,0.0,1.4637895561754704,0.328883409500122,2.5,4.220252078026533,0.0
1933,2015,620,1426,Josip Ilicic,h,AMC,244.0,2.0,1.0,11.0,1.0,0.0,2.2523594833910465,0.9553118348121643,6.5,7.212390284985304,4.0
2202,2015,629,1426,Josip Ilicic,a,Sub,318.0,3.0,1.0,18.0,1.0,0.0,3.295484993606806,0.9824129082262515,9.5,10.368867889046669,3.0
2462,2015,639,1426,Josip Ilicic,h,AMC,354.0,3.0,2.0,18.0,1.0,0.0,3.295484993606806,1.3633126951754093,10.5,10.749767675995827,1.0
2589,2015,643,1426,Josip Ilicic,a,AMC,444.0,3.0,2.0,22.0,1.0,0.0,3.4370719231665134,1.7101905085146427,10.5,11.521406278014183,0.0
3343,2015,670,1426,Josip Ilicic,a,AMC,534.0,3.0,2.0,24.0,1.0,0.0,3.5205924101173878,1.7897852547466755,10.5,11.851562485098839,0.0
3872,2015,689,1426,Josip Ilicic,a,AMC,617.0,4.0,3.0,29.0,1.0,0.0,4.530663210898638,2.446042288094759,14.5,15.538031920790672,4.0
4053,2015,696,1426,Josip Ilicic,h,AMC,707.0,4.0,3.0,31.0,1.0,0.0,4.948854524642229,2.625036273151636,14.5,16.971599847078323,0.0
4401,2015,708,1426,Josip Ilicic,a,AMC,783.0,5.0,3.0,32.0,1.0,0.0,5.7101533599197865,2.6629261411726475,17.5,19.293386220932007,3.0
4498,2015,712,1426,Josip Ilicic,h,AMC,869.0,6.0,3.0,35.0,2.0,0.0,6.546298582106829,2.6629261411726475,20.0,21.301821887493134,2.5
4817,2015,723,1426,Josip Ilicic,a,AMC,927.0,7.0,3.0,38.0,2.0,0.0,6.663296531885862,2.7407977171242237,23.0,21.73068731278181,3.0
5030,2015,731,1426,Josip Ilicic,h,Sub,987.0,9.0,3.0,41.0,2.0,0.0,7.099893908947706,2.7407977171242237,29.0,23.040479443967342,6.0
5543,2015,749,1426,Josip Ilicic,a,AMC,1016.0,9.0,4.0,42.0,2.0,0.0,7.118992067873478,2.7844876162707806,30.0,23.141463819891214,1.0
5640,2015,753,1426,Josip Ilicic,h,AMC,1099.0,9.0,4.0,43.0,2.0,0.0,7.143249558284879,3.0372873060405254,30.0,23.46703598089516,0.0
6071,2015,768,1426,Josip Ilicic,a,AMC,1167.0,10.0,4.0,46.0,2.0,0.0,7.35030292160809,3.0372873060405254,33.0,24.088196070864797,3.0
6197,2015,773,1426,Josip Ilicic,h,AMC,1223.0,10.0,4.0,47.0,2.0,0.0,7.373432302847505,3.0372873060405254,33.0,24.15758421458304,0.0
6948,2015,800,1426,Josip Ilicic,h,AMC,1301.0,10.0,5.0,47.0,2.0,0.0,7.373432302847505,3.1996579729020596,34.0,24.319954881444573,1.0
7507,2015,820,1426,Josip Ilicic,h,Sub,1388.0,10.0,5.0,51.0,2.0,0.0,7.568999433889985,3.284374173730612,34.0,24.991372475400567,0.0
7545,2015,821,1426,Josip Ilicic,a,AMC,1389.0,10.0,5.0,51.0,2.0,0.0,7.568999433889985,3.284374173730612,34.0,24.991372475400567,0.0
8243,2015,846,1426,Josip Ilicic,a,AMC,1459.0,11.0,5.0,54.0,2.0,0.0,8.390377068892121,3.321423403918743,37.0,27.492554610595107,3.0
8507,2015,856,1426,Josip Ilicic,h,AMC,1546.0,11.0,5.0,57.0,2.0,0.0,8.537165695801377,3.9346682354807854,37.0,28.546165322884917,0.0
8772,2015,865,1426,Josip Ilicic,a,AMC,1636.0,12.0,5.0,63.0,2.0,0.0,9.061136538162827,4.05872105807066,40.0,30.242130672559142,3.0
9037,2015,875,1426,Josip Ilicic,h,AMC,1718.0,12.0,5.0,67.0,2.0,0.0,9.16710271127522,4.180083990097046,40.0,30.681392123922706,0.0
9334,2015,885,1426,Josip Ilicic,a,Sub,1796.0,13.0,5.0,69.0,2.0,0.0,9.20678916759789,4.70448511838913,43.0,31.3248526211828,3.0
9652,2015,897,1426,Josip Ilicic,h,AMC,1813.0,13.0,5.0,70.0,2.0,0.0,9.24901351518929,4.70448511838913,43.0,31.451525663957,0.0
9809,2015,902,1426,Josip Ilicic,a,Sub,1866.0,13.0,5.0,73.0,2.0,0.0,9.313687177374959,5.167694866657257,43.0,32.108756398782134,0.0
10153,2015,915,1426,Josip Ilicic,h,AMC,1876.0,13.0,5.0,73.0,2.0,0.0,9.313687177374959,5.2083480656147,43.0,32.14940959773958,0.0
