,season,matchId,playerId,player,homeOrAway,position,time,goals,assists,shots,yellowCard,redCard,xG,xA,bonus,xB,lastBonus
511,2015,569,1104,Leonardo Pavoletti,h,Sub,0.0,0.0,0.0,0.0,0.0,0.0,0.0,0.0,0.0,0.0,0.0
1459,2015,603,1104,Leonardo Pavoletti,h,FW,16.0,1.0,0.0,2.0,0.0,0.0,0.6298065781593323,0.0,3.0,1.8894197344779968,3.0
1839,2015,616,1104,Leonardo Pavoletti,a,Sub,103.0,1.0,0.0,3.0,1.0,0.0,0.7779056876897812,0.0,2.5,1.8337170630693436,-0.5
2073,2015,625,1104,Leonardo Pavoletti,h,FW,144.0,1.0,0.0,6.0,1.0,0.0,0.9312534183263778,0.0605237111449241,2.5,2.3542839661240578,0.0
2253,2015,631,1104,Leonardo Pavoletti,a,FW,234.0,2.0,0.0,9.0,1.0,0.0,1.7431418746709824,0.07846873067319379,5.5,4.807894354686141,3.0
2756,2015,649,1104,Leonardo Pavoletti,a,FW,304.0,2.0,0.0,10.0,1.0,0.0,1.7744789645075798,0.07846873067319379,5.5,4.901905624195933,0.0
2882,2015,654,1104,Leonardo Pavoletti,h,FW,394.0,3.0,1.0,13.0,1.0,0.0,2.6168860718607903,0.6982371117919682,9.5,8.048895327374339,4.0
3288,2015,668,1104,Leonardo Pavoletti,a,FW,484.0,3.0,1.0,15.0,1.0,0.0,2.8276051208376884,0.7160290870815514,9.5,8.698844449594617,0.0
3553,2015,678,1104,Leonardo Pavoletti,h,FW,574.0,4.0,1.0,17.0,1.0,0.0,3.433604709804058,0.7160290870815514,12.5,10.516843216493726,3.0
3747,2015,685,1104,Leonardo Pavoletti,h,FW,664.0,5.0,1.0,22.0,1.0,0.0,3.9495944306254387,0.7486037667840717,15.5,12.097387058660388,3.0
4720,2015,720,1104,Leonardo Pavoletti,h,FW,669.0,5.0,1.0,22.0,1.0,1.0,3.9495944306254387,0.7486037667840717,15.0,11.597387058660388,-0.5
5127,2015,734,1104,Leonardo Pavoletti,a,FW,759.0,7.0,1.0,28.0,2.0,1.0,5.243202619254589,1.0826501902192829,20.5,15.31225804798305,5.5
5363,2015,743,1104,Leonardo Pavoletti,h,FW,849.0,8.0,1.0,32.0,2.0,1.0,6.14075892418623,1.0826501902192829,23.5,18.004926962777972,3.0
5767,2015,757,1104,Leonardo Pavoletti,a,FW,939.0,10.0,1.0,37.0,2.0,1.0,6.73129653185606,1.0826501902192829,29.5,19.776539785787463,6.0
6058,2015,768,1104,Leonardo Pavoletti,h,FW,1029.0,10.0,1.0,41.0,2.0,1.0,6.908035017549992,1.1038342416286466,29.5,20.32793929427862,0.0
6268,2015,775,1104,Leonardo Pavoletti,a,FW,1119.0,10.0,1.0,44.0,3.0,1.0,7.530652083456516,1.1597663126885889,29.0,21.751722563058138,-0.5
6450,2015,782,1104,Leonardo Pavoletti,h,FW,1209.0,10.0,1.0,45.0,3.0,1.0,7.5403389893472195,1.1854639723896978,29.0,21.806480940431356,0.0
8329,2015,849,1104,Leonardo Pavoletti,a,FW,1299.0,10.0,1.0,46.0,3.0,1.0,7.60224773734808,1.1854639723896978,29.0,21.992207184433937,0.0
8694,2015,862,1104,Leonardo Pavoletti,a,Sub,1359.0,10.0,1.0,46.0,3.0,1.0,7.60224773734808,1.2473792545497415,29.0,22.05412246659398,0.0
8969,2015,872,1104,Leonardo Pavoletti,a,FW,1376.0,10.0,1.0,46.0,3.0,1.0,7.60224773734808,1.2662864439189432,29.0,22.073029655963182,0.0
9401,2015,888,1104,Leonardo Pavoletti,h,FW,1466.0,11.0,1.0,50.0,3.0,1.0,7.821646176278591,1.3233476392924783,32.0,22.788286168128252,3.0
9612,2015,895,1104,Leonardo Pavoletti,a,FW,1556.0,11.0,1.0,54.0,3.0,1.0,7.948674418032169,1.4231193624436853,32.0,23.269142616540194,0.0
9986,2015,909,1104,Leonardo Pavoletti,h,FW,1646.0,11.0,1.0,57.0,3.0,1.0,8.372723199427128,1.4231193624436853,32.0,24.54128896072507,0.0
10141,2015,914,1104,Leonardo Pavoletti,a,FW,1736.0,12.0,1.0,60.0,3.0,1.0,8.6633814945817,1.4626930281519888,35.0,25.452837511897087,3.0
10461,2015,926,1104,Leonardo Pavoletti,h,FW,1826.0,13.0,3.0,65.0,3.0,1.0,9.819441951811314,2.015460602939129,40.0,29.47378645837307,5.0
