,season,matchId,playerId,player,homeOrAway,position,time,goals,assists,shots,yellowCard,redCard,xG,xA,bonus,xB,lastBonus
202,2015,558,1315,Massimo Maccarone,h,FW,0.0,0.0,0.0,0.0,0.0,0.0,0.0,0.0,0.0,0.0,0.0
328,2015,562,1315,Massimo Maccarone,a,FW,65.0,0.0,0.0,4.0,0.0,0.0,0.7725636959075928,0.0821350961923599,0.0,2.3998261839151382,0.0
732,2015,577,1315,Massimo Maccarone,h,FW,128.0,0.0,1.0,6.0,1.0,0.0,0.8803069889545441,0.6043399125337601,0.5,2.7452608793973923,0.5
857,2015,581,1315,Massimo Maccarone,a,FW,196.0,0.0,1.0,9.0,1.0,0.0,1.0279621928930283,0.6209611445665358,0.5,3.2048477232456207,0.0
1376,2015,600,1315,Massimo Maccarone,h,FW,286.0,1.0,1.0,10.0,2.0,0.0,1.085209671407938,0.6370500568300485,3.0,2.8926790710538626,2.5
1641,2015,609,1315,Massimo Maccarone,a,FW,365.0,1.0,1.0,10.0,2.0,0.0,1.085209671407938,0.6370500568300485,3.0,2.8926790710538626,0.0
1740,2015,613,1315,Massimo Maccarone,h,FW,455.0,1.0,1.0,10.0,2.0,0.0,1.085209671407938,1.4041695836931467,3.0,3.6597985979169607,0.0
1977,2015,621,1315,Massimo Maccarone,a,FW,545.0,2.0,1.0,14.0,2.0,0.0,1.3051948137581348,1.4041695836931467,6.0,4.319754024967551,3.0
2239,2015,631,1315,Massimo Maccarone,h,FW,624.0,2.0,1.0,16.0,2.0,0.0,1.4334461726248264,1.456014422699809,6.0,4.756352940574288,0.0
2784,2015,650,1315,Massimo Maccarone,a,FW,714.0,2.0,1.0,18.0,2.0,0.0,2.0544289983808994,1.561248218640685,6.0,6.724535213783383,0.0
3067,2015,660,1315,Massimo Maccarone,a,Sub,804.0,2.0,1.0,19.0,2.0,0.0,2.0751285310834646,1.7127226050943136,6.0,6.9381081983447075,0.0
3247,2015,667,1315,Massimo Maccarone,h,FW,805.0,2.0,1.0,19.0,2.0,0.0,2.0751285310834646,1.7127226050943136,6.0,6.9381081983447075,0.0
3540,2015,677,1315,Massimo Maccarone,a,FW,895.0,3.0,1.0,23.0,2.0,0.0,2.2020984645932913,1.7127226050943136,9.0,7.3190179988741875,3.0
3803,2015,687,1315,Massimo Maccarone,h,FW,961.0,3.0,1.0,26.0,2.0,0.0,2.3449315186589956,1.7127226050943136,9.0,7.7475171610713005,0.0
4124,2015,698,1315,Massimo Maccarone,a,FW,1051.0,3.0,1.0,27.0,2.0,0.0,2.433368628844619,1.8128504734486341,9.0,8.11295635998249,0.0
4332,2015,706,1315,Massimo Maccarone,h,FW,1141.0,3.0,1.0,32.0,2.0,0.0,2.7541331108659506,1.8128504734486341,9.0,9.075249806046486,0.0
4457,2015,710,1315,Massimo Maccarone,a,FW,1205.0,5.0,2.0,36.0,2.0,0.0,3.624885445460677,2.128618059679866,16.0,12.003274396061897,7.0
4945,2015,728,1315,Massimo Maccarone,h,FW,1274.0,7.0,2.0,41.0,2.0,0.0,4.613968616351485,2.128618059679866,22.0,14.970523908734322,6.0
5182,2015,736,1315,Massimo Maccarone,a,FW,1340.0,7.0,2.0,43.0,2.0,0.0,4.722262537106872,2.1487905718386173,22.0,15.315578183159232,0.0
5489,2015,747,1315,Massimo Maccarone,a,FW,1427.0,8.0,2.0,46.0,3.0,0.0,5.177441840991378,2.572919074445963,24.5,16.605244597420096,2.5
5614,2015,752,1315,Massimo Maccarone,h,FW,1517.0,8.0,2.0,50.0,3.0,0.0,5.440859263762832,2.6236752308905125,24.5,17.446253022179008,0.0
6045,2015,767,1315,Massimo Maccarone,a,FW,1587.0,9.0,2.0,54.0,3.0,0.0,6.135870581492782,2.6236752308905125,27.5,19.531286975368857,3.0
6366,2015,779,1315,Massimo Maccarone,h,FW,1656.0,9.0,2.0,54.0,3.0,0.0,6.135870581492782,2.6236752308905125,27.5,19.531286975368857,0.0
6659,2015,789,1315,Massimo Maccarone,a,FW,1746.0,9.0,3.0,57.0,3.0,0.0,6.295900886878371,3.077725414186716,28.5,20.46542807482183,1.0
6756,2015,793,1315,Massimo Maccarone,h,FW,1818.0,9.0,3.0,58.0,3.0,0.0,6.336511509492993,3.0897490810602903,28.5,20.59928360953927,0.0
7102,2015,805,1315,Massimo Maccarone,a,FW,1908.0,10.0,3.0,64.0,3.0,0.0,7.428126351907849,3.2099646758288145,31.5,23.994343731552362,3.0
7256,2015,811,1315,Massimo Maccarone,h,FW,1998.0,11.0,3.0,66.0,3.0,0.0,8.321253733709455,3.3485170137137175,34.5,26.81227821484208,3.0
7714,2015,827,1315,Massimo Maccarone,a,FW,2073.0,11.0,3.0,68.0,3.0,0.0,8.479214685037732,3.3485170137137175,34.5,27.286161068826914,0.0
7840,2015,832,1315,Massimo Maccarone,h,FW,2126.0,11.0,3.0,68.0,3.0,0.0,8.479214685037732,3.3485170137137175,34.5,27.286161068826914,0.0
8091,2015,841,1315,Massimo Maccarone,h,FW,2182.0,11.0,3.0,70.0,3.0,0.0,8.973099337890744,3.3855816666036844,34.5,28.804879680275917,0.0
8411,2015,852,1315,Massimo Maccarone,a,FW,2269.0,11.0,3.0,72.0,3.0,0.0,9.07125604338944,3.3855816666036844,34.5,29.099349796772003,0.0
8760,2015,865,1315,Massimo Maccarone,h,FW,2345.0,11.0,3.0,74.0,3.0,0.0,9.204571457579732,3.4258473236113787,34.5,29.539561696350574,0.0
9374,2015,887,1315,Massimo Maccarone,h,FW,2435.0,11.0,3.0,74.0,3.0,0.0,9.204571457579732,3.4258473236113787,34.5,29.539561696350574,0.0
9753,2015,900,1315,Massimo Maccarone,a,Sub,2518.0,12.0,3.0,78.0,3.0,0.0,9.784956784918904,3.4258473236113787,37.5,31.28071767836809,3.0
9874,2015,905,1315,Massimo Maccarone,h,FW,2521.0,12.0,3.0,78.0,4.0,0.0,9.784956784918904,3.4258473236113787,37.0,30.78071767836809,-0.5
10057,2015,911,1315,Massimo Maccarone,a,FW,2611.0,12.0,3.0,78.0,4.0,0.0,9.784956784918904,3.4258473236113787,37.0,30.78071767836809,0.0
10434,2015,925,1315,Massimo Maccarone,h,FW,2701.0,12.0,4.0,79.0,4.0,0.0,9.83442729525268,3.859906556084752,38.0,31.363188441842794,1.0
