,season,matchId,playerId,player,homeOrAway,position,time,goals,assists,shots,yellowCard,redCard,xG,xA,bonus,xB,lastBonus
53,2015,552,1580,Mattia Destro,a,Sub,0.0,0.0,0.0,0.0,0.0,0.0,0.0,0.0,0.0,0.0,0.0
285,2015,561,1580,Mattia Destro,h,FW,13.0,0.0,0.0,0.0,0.0,0.0,0.0,0.0,0.0,0.0,0.0
831,2015,580,1580,Mattia Destro,a,FW,85.0,0.0,0.0,1.0,1.0,0.0,0.0236411355435848,0.0,-0.5,-0.4290765933692455,-0.5
1039,2015,588,1580,Mattia Destro,h,FW,175.0,0.0,0.0,1.0,1.0,0.0,0.0236411355435848,0.0,-0.5,-0.4290765933692455,0.0
1305,2015,597,1580,Mattia Destro,a,FW,249.0,0.0,0.0,3.0,2.0,0.0,0.1422179453074931,0.0,-1.0,-0.5733461640775203,-0.5
1571,2015,607,1580,Mattia Destro,h,FW,339.0,0.0,0.0,5.0,2.0,0.0,0.4388019256293772,0.0,-1.0,0.3164057768881322,0.0
1866,2015,617,1580,Mattia Destro,a,FW,417.0,0.0,0.0,6.0,3.0,0.0,0.4825141802430151,0.3217441141605377,-1.5,0.2692866548895837,-0.5
2019,2015,623,1580,Mattia Destro,h,FW,507.0,0.0,0.0,6.0,4.0,0.0,0.4825141802430151,0.3217441141605377,-2.0,-0.2307133451104163,-0.5
2281,2015,632,1580,Mattia Destro,a,FW,597.0,0.0,0.0,8.0,4.0,0.0,1.301195479929447,0.4105018377304077,-2.0,2.3140882775187492,0.0
2523,2015,641,1580,Mattia Destro,h,Sub,687.0,0.0,0.0,9.0,4.0,0.0,1.6868142560124395,0.4105018377304077,-2.0,3.470944605767727,0.0
2910,2015,655,1580,Mattia Destro,h,FW,695.0,0.0,0.0,10.0,4.0,0.0,2.110578335821628,0.4105018377304077,-2.0,4.742236845195293,0.0
3092,2015,661,1580,Mattia Destro,a,FW,785.0,1.0,0.0,13.0,4.0,0.0,2.2360828593373294,0.4105018377304077,1.0,5.118750415742397,3.0
3358,2015,671,1580,Mattia Destro,h,FW,875.0,1.0,1.0,16.0,4.0,0.0,2.336791835725307,0.8111118078231812,2.0,5.8214873149991035,1.0
3999,2015,694,1580,Mattia Destro,h,FW,965.0,2.0,1.0,18.0,5.0,0.0,3.1976833567023273,0.8111118078231812,4.5,7.904161877930164,2.5
4206,2015,701,1580,Mattia Destro,a,FW,1055.0,4.0,1.0,21.0,6.0,0.0,3.699007414281368,0.87783532589674,10.0,8.974857568740845,5.5
4443,2015,710,1580,Mattia Destro,h,FW,1145.0,4.0,1.0,24.0,6.0,0.0,3.954399339854717,0.87783532589674,10.0,9.741033345460892,0.0
4930,2015,727,1580,Mattia Destro,a,FW,1235.0,5.0,2.0,27.0,6.0,0.0,4.293580792844295,0.918106559664011,14.0,10.798848938196898,4.0
5139,2015,735,1580,Mattia Destro,h,FW,1325.0,5.0,2.0,29.0,7.0,0.0,4.844874285161494,0.918106559664011,13.5,11.952729415148497,-0.5
5391,2015,744,1580,Mattia Destro,h,FW,1415.0,5.0,2.0,32.0,8.0,0.0,5.635614953935145,0.934137498959899,13.0,13.840982360765338,-0.5
5739,2015,756,1580,Mattia Destro,a,FW,1501.0,6.0,2.0,34.0,9.0,0.0,6.064460687339305,0.9584493692964314,15.5,14.65183143131435,2.5
6086,2015,769,1580,Mattia Destro,h,FW,1591.0,6.0,3.0,39.0,9.0,0.0,6.775828771293162,1.087678140029311,16.5,16.9151644539088,1.0
6421,2015,781,1580,Mattia Destro,h,FW,1681.0,7.0,3.0,43.0,9.0,0.0,8.039866499602793,1.087678140029311,19.5,20.707277638837695,3.0
6935,2015,799,1580,Mattia Destro,a,FW,1771.0,7.0,3.0,47.0,9.0,0.0,8.28996493667364,1.087678140029311,19.5,21.457572950050235,0.0
6976,2015,801,1580,Mattia Destro,h,FW,1855.0,8.0,3.0,51.0,9.0,0.0,8.493803881108759,1.087678140029311,22.5,22.069089783355594,3.0
7323,2015,813,1580,Mattia Destro,a,FW,1945.0,8.0,3.0,53.0,9.0,0.0,8.57127460837364,1.087678140029311,22.5,22.301501965150237,0.0
7728,2015,828,1580,Mattia Destro,h,FW,2035.0,8.0,3.0,59.0,9.0,0.0,9.226793080568312,1.1542785968631504,22.5,24.33465783856809,0.0
7882,2015,833,1580,Mattia Destro,a,FW,2125.0,8.0,3.0,64.0,9.0,0.0,9.73730745911598,1.1542785968631504,22.5,25.866200974211097,0.0
