,season,matchId,playerId,player,homeOrAway,position,time,goals,assists,shots,yellowCard,redCard,xG,xA,bonus,xB,lastBonus
2144,2015,627,1878,Miroslav Klose,a,FW,0.0,0.0,0.0,0.0,0.0,0.0,0.0,0.0,0.0,0.0,0.0
2436,2015,638,1878,Miroslav Klose,h,FW,66.0,0.0,0.0,0.0,0.0,0.0,0.0,0.0,0.0,0.0,0.0
2703,2015,647,1878,Miroslav Klose,a,Sub,146.0,0.0,2.0,0.0,1.0,0.0,0.0,0.7431946396827698,1.5,0.2431946396827697,1.5
2995,2015,658,1878,Miroslav Klose,h,FW,155.0,0.0,2.0,0.0,1.0,0.0,0.0,0.7431946396827698,1.5,0.2431946396827697,0.0
3234,2015,666,1878,Miroslav Klose,a,Sub,245.0,0.0,2.0,0.0,1.0,0.0,0.0,0.7431946396827698,1.5,0.2431946396827697,0.0
3820,2015,687,1878,Miroslav Klose,a,Sub,272.0,0.0,2.0,1.0,1.0,0.0,0.6143279671669006,0.7431946396827698,1.5,2.0861785411834717,0.0
3916,2015,691,1878,Miroslav Klose,h,FW,301.0,0.0,2.0,2.0,1.0,0.0,0.8193857669830322,0.7431946396827698,1.5,2.7013519406318665,0.0
4415,2015,709,1878,Miroslav Klose,h,FW,391.0,0.0,2.0,3.0,2.0,0.0,0.882182389497757,0.7520863981917499,1.0,2.398633566685021,-0.5
4892,2015,726,1878,Miroslav Klose,h,Sub,457.0,0.0,2.0,6.0,2.0,0.0,1.1967490315437317,0.7520863981917499,1.0,3.342333492822945,0.0
5409,2015,744,1878,Miroslav Klose,a,Sub,485.0,0.0,2.0,7.0,2.0,0.0,1.2610089778900146,0.7520863981917499,1.0,3.535113331861794,0.0
5785,2015,758,1878,Miroslav Klose,h,Sub,528.0,0.0,3.0,8.0,2.0,0.0,1.3035043627023697,0.9014072390273212,2.0,3.8119203271344304,1.0
5991,2015,765,1878,Miroslav Klose,a,Sub,557.0,0.0,3.0,9.0,2.0,0.0,1.3793998807668686,0.9014072390273212,2.0,4.039606881327927,0.0
6310,2015,777,1878,Miroslav Klose,h,FW,569.0,0.0,3.0,10.0,2.0,0.0,1.4556664526462555,0.9014072390273212,2.0,4.268406596966088,0.0
6704,2015,791,1878,Miroslav Klose,h,Sub,640.0,0.0,3.0,11.0,2.0,0.0,1.7284314632415771,0.9014072390273212,2.0,5.086701628752053,0.0
7188,2015,808,1878,Miroslav Klose,a,Sub,650.0,0.0,4.0,12.0,2.0,0.0,2.1708105206489563,1.123919424600899,3.0,6.636350986547768,1.0
7477,2015,819,1878,Miroslav Klose,h,FW,674.0,0.0,4.0,13.0,2.0,0.0,2.2532617524266243,1.123919424600899,3.0,6.883704681880772,0.0
7631,2015,824,1878,Miroslav Klose,a,FW,751.0,0.0,4.0,16.0,2.0,0.0,2.533137746155262,1.123919424600899,3.0,7.723332663066685,0.0
8036,2015,839,1878,Miroslav Klose,h,FW,826.0,0.0,4.0,16.0,2.0,0.0,2.533137746155262,1.2101745279505847,3.0,7.809587766416371,0.0
8483,2015,855,1878,Miroslav Klose,h,Sub,916.0,2.0,4.0,19.0,2.0,0.0,3.633616752922535,1.5432459684088824,9.0,11.444096227176487,6.0
8885,2015,869,1878,Miroslav Klose,a,FW,950.0,2.0,5.0,20.0,2.0,0.0,3.654076563194394,2.9752871366217732,10.0,12.937516826204956,1.0
9149,2015,879,1878,Miroslav Klose,h,FW,1033.0,4.0,6.0,23.0,2.0,0.0,5.002797232940793,3.4072411032393575,17.0,17.415632802061737,7.0
9958,2015,908,1878,Miroslav Klose,h,FW,1105.0,4.0,7.0,25.0,2.0,0.0,5.584179745987058,4.077461061067879,18.0,19.830000299029052,1.0
10251,2015,918,1878,Miroslav Klose,a,FW,1179.0,5.0,7.0,26.0,3.0,0.0,6.135565923526883,4.077461061067879,20.5,20.98415883164853,2.5
10545,2015,929,1878,Miroslav Klose,h,FW,1269.0,6.0,7.0,27.0,3.0,0.0,6.244803080335259,4.077461061067879,23.5,21.311870302073658,3.0
