,season,matchId,playerId,player,homeOrAway,position,time,goals,assists,shots,yellowCard,redCard,xG,xA,bonus,xB,lastBonus
230,2015,559,1425,Nikola Kalinic,h,FW,0.0,0.0,0.0,0.0,0.0,0.0,0.0,0.0,0.0,0.0,0.0
384,2015,564,1425,Nikola Kalinic,a,FW,90.0,0.0,0.0,1.0,0.0,0.0,0.328883409500122,0.0,0.0,0.9866502285003662,0.0
569,2015,571,1425,Nikola Kalinic,h,Sub,180.0,0.0,0.0,3.0,0.0,0.0,0.6799038946628571,0.0179226640611886,0.0,2.05763434804976,0.0
1085,2015,589,1425,Nikola Kalinic,a,Sub,206.0,0.0,0.0,3.0,0.0,0.0,0.6799038946628571,0.0179226640611886,0.0,2.05763434804976,0.0
1293,2015,597,1425,Nikola Kalinic,h,Sub,238.0,0.0,0.0,4.0,0.0,0.0,0.7431927695870398,0.0179226640611886,0.0,2.2475009728223085,0.0
1614,2015,608,1425,Nikola Kalinic,a,FW,271.0,1.0,0.0,5.0,0.0,0.0,1.2582698240876198,0.0441824048757552,3.0,3.8189918771386147,3.0
1935,2015,620,1425,Nikola Kalinic,h,FW,361.0,4.0,0.0,9.0,1.0,0.0,3.3603082075715065,0.0441824048757552,11.5,9.625107027590275,8.5
2199,2015,629,1425,Nikola Kalinic,a,FW,451.0,4.0,1.0,14.0,1.0,0.0,4.110123492777348,0.3731377869844435,12.5,12.203508265316486,1.0
2464,2015,639,1425,Nikola Kalinic,h,FW,541.0,5.0,1.0,17.0,1.0,0.0,4.527315653860569,0.4032763894647358,15.5,13.485223351046443,3.0
2588,2015,643,1425,Nikola Kalinic,a,AMC,631.0,5.0,1.0,21.0,1.0,0.0,5.225174941122532,0.4262298829853532,15.5,15.60175470635295,0.0
3345,2015,670,1425,Nikola Kalinic,a,FW,721.0,6.0,1.0,24.0,1.0,0.0,6.966978706419468,0.4262298829853532,18.5,20.827166002243757,3.0
3528,2015,677,1425,Nikola Kalinic,h,Sub,811.0,7.0,1.0,27.0,1.0,0.0,8.039244450628757,0.6328806616365907,21.5,24.250614013522863,3.0
3875,2015,689,1425,Nikola Kalinic,a,Sub,854.0,9.0,1.0,31.0,1.0,0.0,9.257286585867405,0.6924532577395437,27.5,27.96431301534176,6.0
4055,2015,696,1425,Nikola Kalinic,h,FW,887.0,9.0,1.0,33.0,1.0,0.0,9.31269958615303,0.7535391040146348,27.5,28.191637862473726,0.0
4402,2015,708,1425,Nikola Kalinic,a,FW,977.0,9.0,1.0,35.0,1.0,0.0,10.045801907777786,0.8463717885315415,27.5,30.4837775118649,0.0
4500,2015,712,1425,Nikola Kalinic,h,FW,1067.0,9.0,1.0,35.0,1.0,0.0,10.045801907777786,0.8463717885315415,27.5,30.4837775118649,0.0
4819,2015,723,1425,Nikola Kalinic,a,FW,1157.0,10.0,1.0,37.0,1.0,0.0,10.701294094324112,0.8463717885315415,30.5,32.45025407150388,3.0
5029,2015,731,1425,Nikola Kalinic,h,FW,1247.0,10.0,3.0,38.0,1.0,0.0,11.091951817274094,1.2428584285080428,32.5,34.018713880330324,2.0
5545,2015,749,1425,Nikola Kalinic,a,FW,1337.0,10.0,3.0,40.0,1.0,0.0,11.292317122220993,1.2428584285080428,32.5,34.61980979517102,0.0
5642,2015,753,1425,Nikola Kalinic,h,FW,1427.0,10.0,3.0,44.0,2.0,0.0,11.610791593790054,1.2428584285080428,32.0,35.075233209878206,-0.5
6076,2015,768,1425,Nikola Kalinic,a,Sub,1510.0,10.0,3.0,44.0,2.0,0.0,11.610791593790054,1.27580177411437,32.0,35.10817655548453,0.0
6199,2015,773,1425,Nikola Kalinic,h,FW,1544.0,10.0,3.0,44.0,2.0,0.0,11.610791593790054,1.27580177411437,32.0,35.10817655548453,0.0
6439,2015,781,1425,Nikola Kalinic,a,Sub,1631.0,10.0,3.0,45.0,3.0,0.0,11.752446174621582,1.27580177411437,31.5,35.033140297979116,-0.5
6950,2015,800,1425,Nikola Kalinic,h,FW,1675.0,10.0,3.0,45.0,3.0,0.0,11.752446174621582,1.27580177411437,31.5,35.033140297979116,0.0
7132,2015,806,1425,Nikola Kalinic,a,Sub,1765.0,10.0,3.0,46.0,4.0,0.0,11.784825697541237,1.27580177411437,31.0,34.63027886673808,-0.5
7506,2015,820,1425,Nikola Kalinic,h,FW,1793.0,11.0,3.0,47.0,4.0,0.0,12.501268103718758,1.27580177411437,34.0,36.77960608527064,3.0
7547,2015,821,1425,Nikola Kalinic,a,FW,1883.0,11.0,3.0,48.0,4.0,0.0,12.7986109405756,1.27580177411437,34.0,37.67163459584117,0.0
7981,2015,837,1425,Nikola Kalinic,h,Sub,1973.0,11.0,3.0,49.0,4.0,0.0,12.927539139986038,1.27580177411437,34.0,38.058419194072485,0.0
8245,2015,846,1425,Nikola Kalinic,a,FW,1987.0,11.0,3.0,50.0,4.0,0.0,13.00359458476305,1.27580177411437,34.0,38.28658552840352,0.0
8774,2015,865,1425,Nikola Kalinic,a,FW,2077.0,11.0,3.0,56.0,5.0,0.0,13.838065274059772,1.27580177411437,33.5,40.28999759629369,-0.5
9039,2015,875,1425,Nikola Kalinic,h,FW,2167.0,11.0,3.0,58.0,5.0,0.0,13.95912852883339,1.3542972616851325,33.5,40.7316828481853,0.0
9333,2015,885,1425,Nikola Kalinic,a,Sub,2257.0,11.0,3.0,60.0,5.0,0.0,14.483529657125473,1.3542972616851325,33.5,42.30488623306155,0.0
9654,2015,897,1425,Nikola Kalinic,h,FW,2285.0,11.0,3.0,60.0,5.0,0.0,14.483529657125473,1.3542972616851325,33.5,42.30488623306155,0.0
9807,2015,902,1425,Nikola Kalinic,a,FW,2375.0,12.0,3.0,65.0,5.0,0.0,16.00649830698967,1.3784680664539333,36.5,46.89796298742294,3.0
10155,2015,915,1425,Nikola Kalinic,h,FW,2465.0,12.0,3.0,68.0,5.0,0.0,16.221590846776962,1.423872739076614,36.5,47.5886452794075,0.0
10561,2015,929,1425,Nikola Kalinic,a,Sub,2555.0,12.0,3.0,71.0,5.0,0.0,17.153217047452927,1.423872739076614,36.5,50.383523881435394,0.0
