,season,matchId,playerId,player,homeOrAway,position,time,goals,assists,shots,yellowCard,redCard,xG,xA,bonus,xB,lastBonus
119,2018,9583,1474,Alfred Duncan,h,MC,0.0,0.0,0.0,0.0,0.0,0.0,0.0,0.0,0.0,0.0,0.0
356,2018,9591,1474,Alfred Duncan,a,MC,90.0,0.0,0.0,3.0,1.0,0.0,0.1802621036767959,0.130133643746376,-0.5,0.1709199547767639,-0.5
735,2018,9605,1474,Alfred Duncan,h,MC,180.0,0.0,0.0,3.0,1.0,0.0,0.1802621036767959,0.1646342873573302,-0.5,0.2054205983877181,0.0
945,2018,9612,1474,Alfred Duncan,a,MC,270.0,0.0,0.0,3.0,2.0,0.0,0.1802621036767959,0.1646342873573302,-1.0,-0.2945794016122819,-0.5
1098,2018,9625,1474,Alfred Duncan,h,MC,360.0,0.0,0.0,5.0,2.0,0.0,0.2317257970571517,0.1887902766466139,-1.0,-0.11603233218193071,0.0
2955,2018,9678,1474,Alfred Duncan,a,MC,450.0,0.0,0.0,6.0,2.0,0.0,0.3040297180414198,0.27948155254125573,-1.0,0.19157070666551568,0.0
3304,2018,9693,1474,Alfred Duncan,h,MC,514.0,0.0,0.0,6.0,2.0,0.0,0.3040297180414198,0.27948155254125573,-1.0,0.19157070666551568,0.0
3454,2018,9705,1474,Alfred Duncan,a,DMC,604.0,0.0,0.0,7.0,3.0,0.0,0.33099086210131623,0.27948155254125573,-1.5,-0.22754586115479492,-0.5
3770,2018,9713,1474,Alfred Duncan,h,MC,685.0,0.0,0.0,8.0,4.0,0.0,0.3606721106916663,0.27948155254125573,-2.0,-0.6385021153837445,-0.5
4018,2018,9722,1474,Alfred Duncan,h,MC,775.0,0.0,0.0,10.0,4.0,0.0,0.47052870132029023,0.4492632076144216,-2.0,-0.13915068842470668,0.0
4304,2018,9732,1474,Alfred Duncan,a,MC,865.0,1.0,1.0,13.0,4.0,0.0,0.5645360071212049,0.9625940248370168,2.0,0.6562020462006328,4.0
5175,2018,9765,1474,Alfred Duncan,h,MC,955.0,1.0,2.0,16.0,4.0,0.0,0.6483856532722707,1.44269972294569,3.0,1.3878566827625034,1.0
5357,2018,9771,1474,Alfred Duncan,a,MC,1045.0,3.0,2.0,19.0,4.0,0.0,0.7718105483800168,1.4546309607103465,9.0,1.7700626058503983,6.0
5570,2018,9780,1474,Alfred Duncan,h,Sub,1119.0,3.0,2.0,19.0,4.0,0.0,0.7718105483800168,1.4765285020694134,9.0,1.7919601472094653,0.0
5994,2018,9792,1474,Alfred Duncan,a,MC,1130.0,3.0,3.0,19.0,4.0,0.0,0.7718105483800168,2.001940584741533,10.0,2.3173722298815846,1.0
6523,2018,9809,1474,Alfred Duncan,a,MC,1220.0,3.0,3.0,20.0,5.0,0.0,0.8018389046192165,2.001940584741533,9.5,1.9074572985991836,-0.5
6851,2018,9825,1474,Alfred Duncan,h,Sub,1266.0,3.0,3.0,20.0,5.0,0.0,0.8018389046192165,2.0232463842257857,9.5,1.9287630980834365,0.0
7401,2018,9846,1474,Alfred Duncan,h,MC,1293.0,3.0,3.0,20.0,6.0,1.0,0.8018389046192165,2.0232463842257857,8.5,0.9287630980834365,-1.0
7513,2018,9853,1474,Alfred Duncan,h,MC,1383.0,3.0,3.0,21.0,6.0,1.0,0.8924114406108852,2.1453819712623954,8.5,1.3226162930950522,0.0
8268,2018,9874,1474,Alfred Duncan,h,Sub,1473.0,4.0,3.0,23.0,7.0,1.0,0.960357211530208,2.2745607187971473,11.0,1.155632353387773,2.5
8527,2018,9881,1474,Alfred Duncan,a,MC,1494.0,4.0,3.0,23.0,7.0,1.0,0.960357211530208,2.2745607187971473,11.0,1.155632353387773,0.0
9092,2018,9905,1474,Alfred Duncan,a,Sub,1577.0,4.0,3.0,23.0,7.0,1.0,0.960357211530208,2.3066338105127215,11.0,1.1877054451033473,0.0
9456,2018,9915,1474,Alfred Duncan,a,Sub,1579.0,4.0,3.0,23.0,7.0,1.0,0.960357211530208,2.615386108867824,11.0,1.4964577434584498,0.0
9838,2018,9927,1474,Alfred Duncan,a,MC,1587.0,4.0,3.0,23.0,7.0,1.0,0.960357211530208,2.615386108867824,11.0,1.4964577434584498,0.0
10074,2018,9944,1474,Alfred Duncan,h,MC,1668.0,4.0,3.0,23.0,7.0,1.0,0.960357211530208,2.638107250444591,11.0,1.5191788850352168,0.0
10396,2018,9947,1474,Alfred Duncan,a,MC,1758.0,4.0,3.0,24.0,7.0,1.0,0.975711086764931,2.684116671793163,11.0,1.6112499320879579,0.0
