,season,matchId,playerId,player,homeOrAway,position,time,goals,assists,shots,yellowCard,redCard,xG,xA,bonus,xB,lastBonus
223,2018,9586,4895,Andrea Pinamonti,a,Sub,0.0,0.0,0.0,0.0,0.0,0.0,0.0,0.0,0.0,0.0,0.0
1591,2018,9634,4895,Andrea Pinamonti,a,FW,6.0,0.0,0.0,0.0,0.0,0.0,0.0,0.0,0.0,0.0,0.0
2308,2018,9660,4895,Andrea Pinamonti,h,Sub,72.0,0.0,0.0,2.0,0.0,0.0,0.0768627375364303,0.0,0.0,0.230588212609291,0.0
2683,2018,9674,4895,Andrea Pinamonti,a,Sub,77.0,0.0,0.0,2.0,0.0,0.0,0.0768627375364303,0.0,0.0,0.230588212609291,0.0
3088,2018,9690,4895,Andrea Pinamonti,h,Sub,78.0,1.0,0.0,3.0,1.0,0.0,0.1931868121027945,0.0,2.5,0.07956043630838389,2.5
3431,2018,9701,4895,Andrea Pinamonti,a,FW,106.0,2.0,0.0,5.0,1.0,0.0,0.25637783110141743,0.0847098231315612,5.5,0.3538433164358138,3.0
3746,2018,9710,4895,Andrea Pinamonti,h,Sub,184.0,2.0,0.0,5.0,1.0,0.0,0.25637783110141743,0.0847098231315612,5.5,0.3538433164358138,0.0
3952,2018,9720,4895,Andrea Pinamonti,a,FW,203.0,2.0,0.0,6.0,1.0,0.0,0.8691079765558242,0.1143267061561345,5.5,2.221650635823607,0.0
4295,2018,9732,4895,Andrea Pinamonti,h,Sub,263.0,2.0,0.0,6.0,1.0,0.0,0.8691079765558242,0.1143267061561345,5.5,2.221650635823607,0.0
4616,2018,9742,4895,Andrea Pinamonti,a,Sub,288.0,2.0,0.0,9.0,1.0,0.0,0.901796970516443,0.1143267061561345,5.5,2.319717617705464,0.0
4737,2018,9751,4895,Andrea Pinamonti,h,FW,318.0,2.0,0.0,10.0,1.0,0.0,0.9771035127341744,0.14057451114058478,5.5,2.5718850493431087,0.0
5053,2018,9757,4895,Andrea Pinamonti,a,FW,398.0,2.0,0.0,12.0,1.0,0.0,1.0221682451665397,0.14057451114058478,5.5,2.707079246640205,0.0
5372,2018,9769,4895,Andrea Pinamonti,h,FW,488.0,2.0,0.0,15.0,2.0,0.0,1.2109312675893302,0.14057451114058478,5.0,2.7733683139085765,-0.5
5749,2018,9783,4895,Andrea Pinamonti,a,FW,578.0,2.0,0.0,17.0,2.0,0.0,1.5409032367169853,0.14057451114058478,5.0,3.7632842212915416,0.0
6067,2018,9791,4895,Andrea Pinamonti,h,FW,664.0,3.0,0.0,19.0,2.0,0.0,1.7304075025022025,0.14057451114058478,8.0,4.331797018647194,3.0
6416,2018,9812,4895,Andrea Pinamonti,a,Sub,754.0,3.0,0.0,23.0,2.0,0.0,2.71549704298377,0.18352045118808727,8.0,7.330011580139399,0.0
6737,2018,9820,4895,Andrea Pinamonti,h,Sub,783.0,3.0,0.0,23.0,2.0,0.0,2.71549704298377,0.18352045118808727,8.0,7.330011580139399,0.0
7139,2018,9833,4895,Andrea Pinamonti,a,FW,805.0,4.0,0.0,26.0,2.0,0.0,3.3709901235997672,0.18352045118808727,11.0,9.29649082198739,3.0
7321,2018,9840,4895,Andrea Pinamonti,h,FW,879.0,4.0,0.0,27.0,2.0,0.0,3.4526929222047325,0.18352045118808727,11.0,9.541599217802286,0.0
7935,2018,9860,4895,Andrea Pinamonti,h,FW,969.0,4.0,0.0,30.0,2.0,0.0,3.599481608718633,0.18352045118808727,11.0,9.981965277343988,0.0
8127,2018,9870,4895,Andrea Pinamonti,h,FW,1059.0,4.0,0.0,33.0,2.0,0.0,3.685538303107023,0.22660812735557537,11.0,10.283223036676645,0.0
8419,2018,9879,4895,Andrea Pinamonti,a,FW,1149.0,5.0,1.0,39.0,2.0,0.0,4.173901747912168,0.24780856631696196,15.0,11.769513810053468,4.0
8825,2018,9890,4895,Andrea Pinamonti,h,FW,1239.0,5.0,2.0,39.0,2.0,0.0,4.173901747912168,0.33941257558762994,16.0,11.861117819324136,1.0
8980,2018,9898,4895,Andrea Pinamonti,a,Sub,1327.0,5.0,2.0,42.0,2.0,0.0,4.306209411472081,0.33941257558762994,16.0,12.258040810003877,0.0
9270,2018,9916,4895,Andrea Pinamonti,h,FW,1355.0,5.0,2.0,46.0,2.0,0.0,4.531154867261647,0.33941257558762994,16.0,12.932877177372575,0.0
9590,2018,9920,4895,Andrea Pinamonti,a,FW,1445.0,5.0,2.0,51.0,2.0,0.0,5.075183387845754,0.3949565533548589,16.0,14.620506716892123,0.0
9883,2018,9934,4895,Andrea Pinamonti,h,FW,1528.0,5.0,3.0,52.0,2.0,0.0,5.424346771091222,0.4217224009335036,17.0,15.694762714207172,1.0
