,season,matchId,playerId,player,homeOrAway,position,time,goals,assists,shots,yellowCard,redCard,xG,xA,bonus,xB,lastBonus
66,2018,9579,1186,Andrea Belotti,h,FW,0.0,0.0,0.0,0.0,0.0,0.0,0.0,0.0,0.0,0.0,0.0
472,2018,9595,1186,Andrea Belotti,a,FW,90.0,0.0,0.0,1.0,0.0,0.0,0.1477551460266113,0.0644468739628791,0.0,0.5077123120427132,0.0
766,2018,9606,1186,Andrea Belotti,h,FW,180.0,1.0,0.0,6.0,0.0,0.0,0.6982334852218628,0.0644468739628791,3.0,2.1591473296284676,3.0
976,2018,9616,1186,Andrea Belotti,a,FW,270.0,1.0,0.0,10.0,0.0,0.0,2.0847859382629395,0.088177230209112,3.0,6.3425350449979305,0.0
1214,2018,9626,1186,Andrea Belotti,h,FW,360.0,1.0,0.0,12.0,0.0,0.0,2.282737821340561,0.088177230209112,3.0,6.936390694230795,0.0
1452,2018,9627,1186,Andrea Belotti,a,FW,450.0,2.0,0.0,13.0,0.0,0.0,3.0440366566181183,0.088177230209112,6.0,9.220287200063467,3.0
1788,2018,9641,1186,Andrea Belotti,a,FW,540.0,2.0,0.0,16.0,0.0,0.0,3.171666368842125,0.1066108234226701,6.0,9.621609929949045,0.0
1941,2018,9655,1186,Andrea Belotti,h,FW,630.0,2.0,0.0,22.0,0.0,0.0,3.56338532269001,0.6029116697609422,6.0,11.293067637830973,0.0
2346,2018,9657,1186,Andrea Belotti,a,FW,720.0,2.0,0.0,25.0,0.0,0.0,3.742409721016884,0.6029116697609422,6.0,11.830140832811594,0.0
2556,2018,9675,1186,Andrea Belotti,h,FW,789.0,2.0,0.0,25.0,1.0,0.0,3.742409721016884,0.6029116697609422,5.5,11.330140832811594,-0.5
3016,2018,9685,1186,Andrea Belotti,a,FW,879.0,2.0,0.0,28.0,1.0,0.0,3.816771224141121,0.6029116697609422,5.5,11.553225342184305,0.0
3113,2018,9695,1186,Andrea Belotti,h,FW,964.0,4.0,1.0,33.0,1.0,0.0,4.869703486561775,1.250058490782976,12.5,15.359168950468302,7.0
3621,2018,9698,1186,Andrea Belotti,a,FW,1054.0,4.0,1.0,37.0,1.0,0.0,5.760854497551918,1.575974244624376,12.5,18.35853773728013,0.0
3800,2018,9715,1186,Andrea Belotti,h,FW,1144.0,4.0,1.0,43.0,1.0,0.0,6.089826002717018,1.7349619306623933,12.5,19.504439938813448,0.0
4172,2018,9719,1186,Andrea Belotti,a,FW,1234.0,5.0,1.0,49.0,1.0,0.0,7.4146396070718765,1.7349619306623933,15.5,23.478880751878023,3.0
4213,2018,9727,1186,Andrea Belotti,h,FW,1324.0,5.0,1.0,53.0,1.0,0.0,7.63386806845665,1.7349619306623933,15.5,24.136566136032343,0.0
4586,2018,9741,1186,Andrea Belotti,a,FW,1414.0,5.0,1.0,56.0,1.0,0.0,7.723557725548744,1.7553728371858595,15.5,24.426046013832092,0.0
4956,2018,9756,1186,Andrea Belotti,h,FW,1504.0,6.0,1.0,57.0,1.0,0.0,7.785615164786577,1.8592565208673475,18.5,24.71610201522708,3.0
5137,2018,9761,1186,Andrea Belotti,a,FW,1594.0,6.0,2.0,61.0,1.0,0.0,8.121708888560534,1.917200870811939,19.5,25.78232753649354,1.0
5304,2018,9774,1186,Andrea Belotti,a,FW,1684.0,7.0,2.0,65.0,1.0,0.0,9.10854198411107,2.003865778446197,22.5,28.82949173077941,3.0
5762,2018,9781,1186,Andrea Belotti,h,FW,1774.0,7.0,2.0,67.0,2.0,0.0,9.577092129737139,2.4260150194168086,22.0,30.157291408628225,-0.5
5942,2018,9787,1186,Andrea Belotti,a,FW,1864.0,7.0,2.0,70.0,3.0,0.0,9.734072867780924,2.5771750360727306,21.5,30.279393639415503,-0.5
6317,2018,9806,1186,Andrea Belotti,h,FW,1954.0,7.0,2.0,72.0,4.0,0.0,9.804939482361078,2.730161681771278,21.0,30.144980128854513,-0.5
6638,2018,9813,1186,Andrea Belotti,a,FW,2044.0,7.0,2.0,75.0,4.0,0.0,10.357552085071802,2.887451589107513,21.0,31.96010784432292,0.0
6708,2018,9826,1186,Andrea Belotti,h,FW,2134.0,7.0,2.0,77.0,4.0,0.0,10.463106218725443,2.887451589107513,21.0,32.27677024528384,0.0
7043,2018,9828,1186,Andrea Belotti,h,FW,2224.0,7.0,2.0,80.0,4.0,0.0,10.652599591761827,2.9085937645286317,21.0,32.866392539814115,0.0
7334,2018,9840,1186,Andrea Belotti,a,FW,2314.0,8.0,2.0,84.0,4.0,0.0,11.072473544627428,2.9085937645286317,24.0,34.126014398410916,3.0
7571,2018,9855,1186,Andrea Belotti,h,FW,2404.0,10.0,2.0,88.0,4.0,0.0,11.634467978030443,2.976057795807719,30.0,35.87946172989905,6.0
7920,2018,9859,1186,Andrea Belotti,a,FW,2494.0,10.0,2.0,92.0,4.0,0.0,12.54756947234273,3.072052596136927,30.0,38.714761013165116,0.0
8239,2018,9876,1186,Andrea Belotti,h,FW,2584.0,10.0,2.0,93.0,4.0,0.0,12.629998203366995,3.072052596136927,30.0,38.96204720623791,0.0
8337,2018,9883,1186,Andrea Belotti,a,FW,2674.0,12.0,2.0,97.0,4.0,0.0,12.867491107434034,3.072052596136927,36.0,39.67452591843903,6.0
9035,2018,9900,1186,Andrea Belotti,a,FW,2764.0,12.0,2.0,101.0,5.0,0.0,13.083453189581633,3.2009093593806024,35.5,39.9512689281255,-0.5
9383,2018,9911,1186,Andrea Belotti,h,FW,2854.0,12.0,2.0,102.0,5.0,0.0,13.172648582607508,3.7025058101862665,35.5,40.72045155800879,0.0
9479,2018,9922,1186,Andrea Belotti,a,FW,2944.0,13.0,2.0,107.0,5.0,0.0,14.22294095531106,3.7025058101862665,38.5,43.87132867611945,3.0
9828,2018,9927,1186,Andrea Belotti,h,FW,3034.0,13.0,2.0,111.0,5.0,0.0,14.389865446835756,3.7025058101862665,38.5,44.372102150693536,0.0
10149,2018,9938,1186,Andrea Belotti,a,FW,3124.0,15.0,2.0,115.0,5.0,0.0,16.08636288717389,4.041922880336641,44.5,49.801011541858315,6.0
10359,2018,9956,1186,Andrea Belotti,h,FW,3214.0,15.0,3.0,122.0,5.0,0.0,16.874595154076815,4.1168646793812504,45.5,52.240650141611695,1.0
