,season,matchId,playerId,player,homeOrAway,position,time,goals,assists,shots,yellowCard,redCard,xG,xA,bonus,xB,lastBonus
191,2018,9585,1493,Andrea Petagna,a,FW,0.0,0.0,0.0,0.0,0.0,0.0,0.0,0.0,0.0,0.0,0.0
290,2018,9589,1493,Andrea Petagna,h,FW,90.0,0.0,0.0,3.0,0.0,0.0,0.2227708995342254,0.0,0.0,0.6683126986026764,0.0
780,2018,9606,1493,Andrea Petagna,a,FW,180.0,0.0,0.0,6.0,1.0,0.0,0.7339556515216827,0.0,-0.5,1.7018669545650482,-0.5
1046,2018,9615,1493,Andrea Petagna,h,FW,270.0,0.0,0.0,9.0,1.0,0.0,0.9272471070289612,0.0,-0.5,2.2817413210868835,0.0
1172,2018,9619,1493,Andrea Petagna,a,FW,360.0,2.0,0.0,15.0,2.0,0.0,1.972302496433258,0.0434887744486331,5.0,4.960396263748407,5.5
1605,2018,9635,1493,Andrea Petagna,h,FW,438.0,2.0,0.0,17.0,2.0,0.0,2.0550588443875313,0.0434887744486331,5.0,5.208665307611227,0.0
1928,2018,9638,1493,Andrea Petagna,a,FW,528.0,2.0,0.0,19.0,2.0,0.0,2.189981795847416,0.0434887744486331,5.0,5.613434161990881,0.0
2192,2018,9654,1493,Andrea Petagna,h,FW,618.0,2.0,0.0,21.0,3.0,0.0,2.357292093336582,0.0434887744486331,4.5,5.61536505445838,-0.5
2235,2018,9663,1493,Andrea Petagna,a,FW,708.0,2.0,0.0,23.0,3.0,0.0,2.869538225233555,0.0434887744486331,4.5,7.152103450149298,0.0
2668,2018,9674,1493,Andrea Petagna,h,FW,798.0,3.0,0.0,28.0,3.0,0.0,4.436934746801853,0.0434887744486331,7.5,11.854293014854193,3.0
2932,2018,9682,1493,Andrea Petagna,a,FW,888.0,3.0,0.0,32.0,3.0,0.0,4.649878405034542,0.09305100515484799,7.5,12.542686220258474,0.0
3141,2018,9694,1493,Andrea Petagna,h,FW,958.0,3.0,0.0,33.0,3.0,0.0,4.732876770198345,0.09305100515484799,7.5,12.791681315749884,0.0
3403,2018,9702,1493,Andrea Petagna,a,FW,1048.0,4.0,0.0,36.0,3.0,0.0,5.610695831477642,0.10745552368462069,10.5,15.439543018117547,3.0
3635,2018,9714,1493,Andrea Petagna,h,FW,1133.0,4.0,0.0,37.0,3.0,0.0,5.625041538849473,0.1804483253508804,10.5,15.5555729418993,0.0
4145,2018,9726,1493,Andrea Petagna,a,FW,1203.0,4.0,0.0,38.0,3.0,0.0,5.662008760496974,0.2331146765500304,10.5,15.719140958040953,0.0
4238,2018,9736,1493,Andrea Petagna,h,FW,1289.0,5.0,0.0,41.0,4.0,0.0,6.805696843191981,0.2331146765500304,13.0,18.650205206125975,2.5
4902,2018,9755,1493,Andrea Petagna,h,FW,1353.0,5.0,0.0,42.0,4.0,0.0,6.855475747957826,0.2331146765500304,13.0,18.799541920423508,0.0
5275,2018,9762,1493,Andrea Petagna,a,FW,1443.0,5.0,0.0,45.0,4.0,0.0,7.00021312572062,0.2331146765500304,13.0,19.23375405371189,0.0
5429,2018,9775,1493,Andrea Petagna,h,FW,1533.0,6.0,0.0,50.0,4.0,0.0,7.185857528820634,0.2845443096011874,16.0,19.84211689606309,3.0
5692,2018,9778,1493,Andrea Petagna,a,FW,1623.0,6.0,0.0,50.0,4.0,0.0,7.185857528820634,0.2845443096011874,16.0,19.84211689606309,0.0
6275,2018,9797,1493,Andrea Petagna,a,FW,1711.0,7.0,0.0,56.0,5.0,0.0,7.43793767131865,0.9714191164821383,18.5,20.78523213043809,2.5
6485,2018,9815,1493,Andrea Petagna,h,FW,1790.0,8.0,0.0,58.0,5.0,0.0,8.229726249352098,0.9714191164821383,21.5,23.16059786453843,3.0
6862,2018,9825,1493,Andrea Petagna,a,FW,1880.0,9.0,0.0,60.0,5.0,0.0,8.90951674617827,1.0428063627332445,24.5,25.271356601268053,3.0
7071,2018,9827,1493,Andrea Petagna,h,FW,1970.0,10.0,0.0,61.0,5.0,0.0,9.67069404758513,1.0752816591411825,27.5,27.587363801896572,3.0
7362,2018,9841,1493,Andrea Petagna,a,FW,2060.0,10.0,0.0,63.0,5.0,0.0,9.782604144886136,1.1221101377159353,27.5,27.969922572374344,0.0
7542,2018,9854,1493,Andrea Petagna,h,FW,2150.0,10.0,0.0,66.0,6.0,0.0,9.872512990608811,1.1296484959311779,27.0,27.747187467757612,-0.5
7949,2018,9860,1493,Andrea Petagna,a,FW,2240.0,11.0,0.0,68.0,6.0,0.0,10.681786293163896,1.1296484959311779,30.0,30.175007375422865,3.0
8211,2018,9875,1493,Andrea Petagna,h,FW,2328.0,11.0,0.0,70.0,6.0,0.0,10.791272604838014,1.1296484959311779,30.0,30.50346631044522,0.0
8450,2018,9878,1493,Andrea Petagna,a,Sub,2418.0,12.0,0.0,72.0,6.0,0.0,11.598363244906068,1.1296484959311779,33.0,32.92473823064938,3.0
8601,2018,9895,1493,Andrea Petagna,h,FW,2434.0,12.0,0.0,76.0,6.0,0.0,12.092422718182206,1.1296484959311779,33.0,34.4069166504778,0.0
9006,2018,9899,1493,Andrea Petagna,a,FW,2524.0,12.0,0.0,79.0,6.0,0.0,12.207213500514627,1.1694075395353134,33.0,34.79104804107919,0.0
9299,2018,9910,1493,Andrea Petagna,h,FW,2614.0,14.0,1.0,82.0,7.0,0.0,13.096554735675454,1.2961944718845184,39.5,37.08585867891088,6.5
9508,2018,9917,1493,Andrea Petagna,a,FW,2700.0,14.0,1.0,82.0,8.0,0.0,13.096554735675454,1.2961944718845184,39.0,36.58585867891088,-0.5
9912,2018,9928,1493,Andrea Petagna,h,FW,2790.0,14.0,1.0,83.0,8.0,0.0,13.18361502327025,1.4052743618376549,39.0,36.9561194316484,0.0
10037,2018,9945,1493,Andrea Petagna,a,FW,2880.0,15.0,1.0,86.0,8.0,0.0,14.3919941727072,1.7720422153361137,42.0,40.948024733457714,3.0
10550,2018,9955,1493,Andrea Petagna,h,FW,2970.0,16.0,1.0,89.0,8.0,0.0,14.754055375233293,1.7880802159197624,45.0,42.05024634161964,3.0
