,season,matchId,playerId,player,homeOrAway,position,time,goals,assists,shots,yellowCard,redCard,xG,xA,bonus,xB,lastBonus
164,2018,9584,1605,Diego Farias,a,FW,0.0,0.0,0.0,0.0,0.0,0.0,0.0,0.0,0.0,0.0,0.0
348,2018,9591,1605,Diego Farias,h,Sub,59.0,0.0,0.0,2.0,0.0,0.0,0.0734753981232643,0.0,0.0,0.2204261943697929,0.0
698,2018,9603,1605,Diego Farias,a,Sub,77.0,0.0,0.0,3.0,0.0,0.0,0.0994228161871433,0.0,0.0,0.2982684485614299,0.0
1018,2018,9607,1605,Diego Farias,h,FW,88.0,0.0,0.0,4.0,0.0,0.0,0.1686473377048969,0.0,0.0,0.5059420131146908,0.0
1147,2018,9623,1605,Diego Farias,a,Sub,140.0,0.0,0.0,6.0,0.0,0.0,0.2295271083712577,0.0236989464610815,0.0,0.7122802715748547,0.0
1466,2018,9628,1605,Diego Farias,h,FW,165.0,0.0,0.0,7.0,0.0,0.0,0.329430691897869,0.0236989464610815,0.0,1.0119910221546888,0.0
1734,2018,9644,1605,Diego Farias,a,Sub,255.0,0.0,0.0,11.0,0.0,0.0,0.6499088630080222,0.0236989464610815,0.0,1.9734255354851484,0.0
1972,2018,9648,1605,Diego Farias,h,Sub,274.0,0.0,0.0,11.0,0.0,0.0,0.6499088630080222,0.0236989464610815,0.0,1.9734255354851484,0.0
3760,2018,9710,1605,Diego Farias,a,Sub,275.0,0.0,0.0,11.0,0.0,0.0,0.6499088630080222,0.0236989464610815,0.0,1.9734255354851484,0.0
3965,2018,9724,1605,Diego Farias,h,FW,302.0,1.0,0.0,12.0,1.0,0.0,1.0489236041903494,0.1193269919604063,2.5,2.766097804531455,2.5
4350,2018,9730,1605,Diego Farias,h,FW,377.0,1.0,0.0,14.0,1.0,0.0,1.3365717455744741,0.1193269919604063,2.5,3.6290422286838293,0.0
4477,2018,9737,1605,Diego Farias,a,Sub,447.0,1.0,0.0,16.0,1.0,0.0,1.7083800658583639,0.1193269919604063,2.5,4.744467189535499,0.0
4819,2018,9749,1605,Diego Farias,h,FW,490.0,1.0,0.0,16.0,1.0,0.0,1.7083800658583639,0.1193269919604063,2.5,4.744467189535499,0.0
5219,2018,9766,1605,Diego Farias,a,FW,567.0,2.0,0.0,20.0,2.0,0.0,2.240776263177395,0.1193269919604063,5.0,5.841655781492591,2.5
5458,2018,9767,1605,Diego Farias,h,Sub,632.0,2.0,0.0,20.0,3.0,0.0,2.240776263177395,0.1193269919604063,4.5,5.341655781492591,-0.5
5583,2018,9780,1605,Diego Farias,a,Sub,648.0,3.0,0.0,23.0,3.0,0.0,2.6988600119948387,0.2034751009196043,7.5,6.8000551369041204,3.0
5846,2018,9790,1605,Diego Farias,h,FW,688.0,3.0,0.0,23.0,3.0,0.0,2.6988600119948387,0.2830207180231809,7.5,6.879600754007697,0.0
6136,2018,9801,1605,Diego Farias,a,FW,748.0,3.0,0.0,25.0,3.0,0.0,3.3610334023833275,0.363390615209937,7.5,8.94649082235992,0.0
6513,2018,9809,1605,Diego Farias,h,FW,800.0,3.0,0.0,26.0,3.0,0.0,3.463339813053608,0.4719144012778996,7.5,9.361933840438724,0.0
6694,2018,9822,1605,Diego Farias,a,FW,868.0,4.0,1.0,28.0,3.0,0.0,4.03717590123415,0.8421854879707096,11.5,11.45371319167316,4.0
6960,2018,9832,1605,Diego Farias,h,FW,936.0,4.0,1.0,29.0,3.0,0.0,4.082353286445141,0.9236316364258524,11.5,11.670691495761275,0.0
7475,2018,9844,1605,Diego Farias,a,FW,1022.0,4.0,2.0,31.0,3.0,0.0,4.224786318838596,1.580312160775065,12.5,12.754671117290854,1.0
7654,2018,9849,1605,Diego Farias,h,FW,1101.0,4.0,2.0,31.0,3.0,0.0,4.224786318838596,1.580312160775065,12.5,12.754671117290854,0.0
7836,2018,9862,1605,Diego Farias,a,FW,1191.0,4.0,2.0,34.0,3.0,0.0,4.836067713797092,1.580312160775065,12.5,14.588515302166343,0.0
8101,2018,9869,1605,Diego Farias,h,FW,1281.0,4.0,2.0,35.0,3.0,0.0,4.9179714769124985,1.62328272126615,12.5,14.877197152003646,0.0
8474,2018,9885,1605,Diego Farias,a,FW,1371.0,5.0,2.0,40.0,3.0,0.0,5.304556414484978,2.0477223005145784,15.5,16.461391543969512,3.0
8867,2018,9887,1605,Diego Farias,a,FW,1461.0,5.0,3.0,46.0,3.0,0.0,6.034156307578087,2.415601899847388,16.5,19.01807082258165,1.0
9201,2018,9913,1605,Diego Farias,a,FW,1501.0,5.0,3.0,47.0,3.0,0.0,6.1300734877586365,2.415601899847388,16.5,19.305822363123298,0.0
9550,2018,9918,1605,Diego Farias,h,FW,1569.0,5.0,3.0,47.0,3.0,0.0,6.1300734877586365,2.43527041375637,16.5,19.32549087703228,0.0
9869,2018,9929,1605,Diego Farias,a,FW,1644.0,6.0,3.0,50.0,3.0,0.0,6.450291663408279,2.43527041375637,19.5,20.28614540398121,3.0
10134,2018,9938,1605,Diego Farias,h,FW,1724.0,7.0,3.0,53.0,3.0,0.0,7.2563033401966095,2.5707385838031764,22.5,22.839648604393005,3.0
10481,2018,9952,1605,Diego Farias,a,FW,1814.0,7.0,4.0,57.0,4.0,0.0,7.437961459159851,3.2296881377696987,23.0,23.543572515249252,0.5
