,season,matchId,playerId,player,homeOrAway,position,time,goals,assists,shots,yellowCard,redCard,xG,xA,bonus,xB,lastBonus
54,2018,9578,1384,Dries Mertens,a,Sub,0.0,0.0,0.0,0.0,0.0,0.0,0.0,0.0,0.0,0.0,0.0
264,2018,9588,1384,Dries Mertens,h,Sub,11.0,0.0,0.0,0.0,0.0,0.0,0.0,0.0,0.0,0.0,0.0
726,2018,9604,1384,Dries Mertens,a,Sub,35.0,1.0,0.0,4.0,0.0,0.0,0.8775417804718018,0.316779762506485,3.0,2.9494051039218903,3.0
821,2018,9613,1384,Dries Mertens,h,FW,78.0,1.0,0.0,7.0,0.0,0.0,1.2369395792484283,0.37251469865441317,3.0,4.083333436399698,0.0
1228,2018,9626,1384,Dries Mertens,a,FW,135.0,1.0,0.0,8.0,0.0,0.0,1.280255813151598,0.37251469865441317,3.0,4.213282138109207,0.0
1552,2018,9633,1384,Dries Mertens,h,Sub,225.0,1.0,1.0,10.0,0.0,0.0,1.3732145689427853,1.2292418219149113,4.0,5.348885528743267,1.0
1703,2018,9646,1384,Dries Mertens,a,FW,247.0,1.0,1.0,10.0,0.0,0.0,1.3732145689427853,1.2292418219149113,4.0,5.348885528743267,0.0
2164,2018,9653,1384,Dries Mertens,h,FW,308.0,2.0,1.0,12.0,0.0,0.0,2.137853529304266,1.2292418219149113,7.0,7.642802409827709,3.0
2291,2018,9665,1384,Dries Mertens,a,FW,398.0,2.0,1.0,16.0,0.0,0.0,2.5237338207662106,1.3590241260826588,7.0,8.93022558838129,0.0
2726,2018,9676,1384,Dries Mertens,h,Sub,488.0,3.0,2.0,18.0,1.0,0.0,3.324641015380621,1.5618076510727406,10.5,11.035730697214603,3.5
2807,2018,9683,1384,Dries Mertens,h,FW,521.0,4.0,2.0,20.0,1.0,0.0,3.9528757594525814,1.612536795437336,13.5,12.97116407379508,3.0
3185,2018,9691,1384,Dries Mertens,a,Sub,611.0,7.0,3.0,25.0,1.0,0.0,4.608613815158606,2.924903281033039,23.5,16.250744726508856,10.0
3529,2018,9704,1384,Dries Mertens,h,FW,655.0,7.0,4.0,30.0,1.0,0.0,4.852980833500624,3.2639621272683144,24.5,17.322904627770185,1.0
3896,2018,9707,1384,Dries Mertens,a,FW,745.0,7.0,4.0,35.0,1.0,0.0,5.23098985478282,3.3597771897912025,24.5,18.552746754139662,0.0
4366,2018,9730,1384,Dries Mertens,a,Sub,827.0,7.0,4.0,35.0,1.0,0.0,5.23098985478282,3.3807845301926136,24.5,18.573754094541073,0.0
4517,2018,9739,1384,Dries Mertens,h,FW,854.0,7.0,4.0,35.0,1.0,0.0,5.23098985478282,3.529606346040964,24.5,18.722575910389423,0.0
5001,2018,9752,1384,Dries Mertens,a,Sub,940.0,7.0,5.0,39.0,1.0,0.0,6.433949988335371,3.655415568500757,25.5,22.45726553350687,1.0
5234,2018,9763,1384,Dries Mertens,h,FW,958.0,7.0,5.0,40.0,1.0,0.0,6.464146304875612,3.655415568500757,25.5,22.547854483127594,0.0
5483,2018,9773,1384,Dries Mertens,h,FW,1048.0,8.0,6.0,46.0,1.0,0.0,6.824531484395266,4.153450850397348,29.5,24.127045303583145,4.0
5637,2018,9777,1384,Dries Mertens,a,FW,1131.0,8.0,7.0,47.0,1.0,0.0,6.942378748208284,4.598117116838694,30.5,24.925253361463547,1.0
6192,2018,9800,1384,Dries Mertens,a,FW,1211.0,8.0,7.0,48.0,1.0,0.0,7.004885893315077,4.61841475404799,30.5,25.13307243399322,0.0
6626,2018,9813,1384,Dries Mertens,h,Sub,1276.0,8.0,7.0,51.0,1.0,0.0,8.027083974331617,4.950565809383988,30.5,28.53181773237884,0.0
6890,2018,9823,1384,Dries Mertens,a,FW,1295.0,8.0,7.0,53.0,1.0,0.0,8.11064824089408,5.507363313809037,30.5,29.339308036491275,0.0
7185,2018,9836,1384,Dries Mertens,h,Sub,1385.0,8.0,7.0,58.0,1.0,0.0,8.480592306703329,5.561162317171693,30.5,30.50293923728168,0.0
7418,2018,9846,1384,Dries Mertens,a,FW,1427.0,8.0,7.0,58.0,1.0,0.0,8.480592306703329,5.582581939175725,30.5,30.524358859285712,0.0
7710,2018,9852,1384,Dries Mertens,h,FW,1517.0,8.0,7.0,58.0,1.0,0.0,8.480592306703329,5.621730694547296,30.5,30.563507614657283,0.0
7976,2018,9866,1384,Dries Mertens,a,FW,1607.0,9.0,9.0,60.0,1.0,0.0,8.58476923033595,6.1732817981392145,35.5,31.427589489147067,5.0
8115,2018,9869,1384,Dries Mertens,a,Sub,1669.0,10.0,9.0,62.0,1.0,0.0,9.389492373913527,6.842357465997338,38.5,34.51083458773792,3.0
8544,2018,9882,1384,Dries Mertens,h,FW,1699.0,10.0,9.0,63.0,1.0,0.0,9.432403344660997,6.9245242197066545,38.5,34.72173425368965,0.0
8811,2018,9888,1384,Dries Mertens,a,FW,1789.0,11.0,9.0,67.0,1.0,0.0,9.575473818928003,7.488907547667623,41.5,35.71532900445163,3.0
9159,2018,9903,1384,Dries Mertens,h,FW,1879.0,11.0,10.0,70.0,1.0,0.0,9.827044162899256,8.071621449664235,42.5,37.052753938362,1.0
9285,2018,9916,1384,Dries Mertens,a,FW,1958.0,12.0,10.0,74.0,1.0,0.0,10.475214932113886,8.445537926629186,45.5,39.37118272297084,3.0
9687,2018,9925,1384,Dries Mertens,h,FW,2048.0,13.0,10.0,78.0,1.0,0.0,10.842832896858454,8.893787624314427,48.5,40.92228631488979,3.0
10246,2018,9946,1384,Dries Mertens,h,FW,2138.0,14.0,10.0,85.0,1.0,0.0,11.35218808427453,9.076050849631429,51.5,42.63261510245502,3.0
10318,2018,9948,1384,Dries Mertens,a,Sub,2219.0,15.0,11.0,88.0,1.0,0.0,11.86700252071023,9.295790554955602,55.5,44.39679811708629,4.0
