,season,matchId,playerId,player,homeOrAway,position,time,goals,assists,shots,yellowCard,redCard,xG,xA,bonus,xB,lastBonus
79,2018,9579,1253,Edin Dzeko,a,FW,0.0,0.0,0.0,0.0,0.0,0.0,0.0,0.0,0.0,0.0,0.0
485,2018,9596,1253,Edin Dzeko,h,FW,90.0,1.0,0.0,7.0,1.0,0.0,0.5666378140449524,0.1510128080844879,2.5,1.350926250219345,2.5
527,2018,9597,1253,Edin Dzeko,a,FW,180.0,1.0,1.0,14.0,1.0,0.0,0.8747564256191254,0.3057764321565628,3.5,2.430045709013939,1.0
877,2018,9614,1253,Edin Dzeko,h,FW,270.0,1.0,1.0,17.0,1.0,0.0,1.0364128351211548,0.3057764321565628,3.5,2.915014937520027,0.0
1255,2018,9617,1253,Edin Dzeko,a,FW,360.0,1.0,2.0,21.0,1.0,0.0,1.7253299951553345,0.8178524523973465,4.5,5.49384243786335,1.0
1662,2018,9637,1253,Edin Dzeko,h,FW,450.0,1.0,2.0,27.0,1.0,0.0,2.934642791748047,0.8297662017866969,4.5,9.133694577030838,0.0
2039,2018,9649,1253,Edin Dzeko,a,FW,540.0,1.0,2.0,30.0,2.0,0.0,3.3130689561367035,0.9347776798531413,4.0,9.873984548263252,-0.5
2221,2018,9663,1253,Edin Dzeko,h,FW,630.0,2.0,2.0,33.0,2.0,0.0,3.84955295920372,1.0408356366679072,7.0,11.589494514279068,3.0
2738,2018,9676,1253,Edin Dzeko,a,FW,720.0,2.0,2.0,41.0,2.0,0.0,5.0057511031627655,1.129212903790176,7.0,15.146466213278472,0.0
2877,2018,9679,1253,Edin Dzeko,a,FW,810.0,2.0,2.0,43.0,3.0,0.0,5.122032940387726,1.1907294197008014,6.5,15.056828240863979,-0.5
3281,2018,9692,1253,Edin Dzeko,h,Sub,900.0,2.0,2.0,49.0,3.0,0.0,6.0068681836128235,1.2324727876111865,6.5,17.753077338449657,0.0
3378,2018,9706,1253,Edin Dzeko,a,Sub,922.0,2.0,2.0,51.0,3.0,0.0,6.088254503905773,1.2324727876111865,6.5,17.997236299328506,0.0
4725,2018,9746,1253,Edin Dzeko,a,Sub,940.0,2.0,2.0,55.0,3.0,0.0,6.291653506457806,1.2860945602878928,6.5,18.66105507966131,0.0
4930,2018,9753,1253,Edin Dzeko,h,Sub,951.0,2.0,2.0,55.0,3.0,0.0,6.291653506457806,1.2860945602878928,6.5,18.66105507966131,0.0
5165,2018,9764,1253,Edin Dzeko,a,FW,963.0,2.0,2.0,57.0,3.0,0.0,6.398372016847134,1.3590472033247352,6.5,19.054163253866136,0.0
5290,2018,9774,1253,Edin Dzeko,h,FW,1048.0,2.0,2.0,65.0,3.0,0.0,6.871063284575939,1.3787039453163743,6.5,20.491893799044192,0.0
5721,2018,9782,1253,Edin Dzeko,a,FW,1138.0,2.0,2.0,68.0,3.0,0.0,7.720601968467236,1.7228470081463456,6.5,23.384652913548052,0.0
6040,2018,9796,1253,Edin Dzeko,h,FW,1228.0,4.0,2.0,72.0,3.0,0.0,8.773893408477306,1.8134535113349557,12.5,26.635133736766875,6.0
6163,2018,9799,1253,Edin Dzeko,a,FW,1318.0,4.0,2.0,76.0,3.0,0.0,9.337642841041088,1.878739626146853,12.5,28.391668149270117,0.0
6651,2018,9814,1253,Edin Dzeko,h,FW,1408.0,5.0,3.0,82.0,3.0,0.0,9.825100295245647,2.5296670505777,16.5,30.504967936314642,4.0
6750,2018,9820,1253,Edin Dzeko,a,FW,1498.0,5.0,3.0,86.0,3.0,0.0,9.99774707108736,2.5296670505777,16.5,31.02290826383978,0.0
7028,2018,9834,1253,Edin Dzeko,a,FW,1588.0,7.0,3.0,91.0,4.0,0.0,10.937460072338581,2.6167785236611962,22.0,33.42915874067694,5.5
7557,2018,9854,1253,Edin Dzeko,a,FW,1678.0,7.0,3.0,95.0,5.0,0.0,11.158296339213848,2.6167785236611962,21.5,33.59166754130274,-0.5
7962,2018,9866,1253,Edin Dzeko,h,FW,1768.0,7.0,3.0,100.0,6.0,0.0,11.617574535310268,2.6167785236611962,21.0,34.469502129592,-0.5
8184,2018,9873,1253,Edin Dzeko,h,FW,1858.0,7.0,3.0,101.0,7.0,0.0,11.669557183980942,3.0674098739400506,20.5,34.576081425882876,-0.5
8394,2018,9884,1253,Edin Dzeko,a,Sub,1948.0,7.0,3.0,105.0,7.0,0.0,11.873079925775528,3.217517585493624,20.5,35.33675736282021,0.0
8629,2018,9892,1253,Edin Dzeko,h,FW,1972.0,7.0,3.0,106.0,7.0,0.0,11.890457624569535,3.2383668879047036,20.5,35.40973976161331,0.0
9146,2018,9906,1253,Edin Dzeko,a,FW,2062.0,8.0,3.0,111.0,8.0,0.0,12.52642541565001,3.357669518329203,23.0,36.93694576527923,2.5
9215,2018,9908,1253,Edin Dzeko,h,FW,2152.0,8.0,4.0,113.0,8.0,0.0,12.705330142751336,3.450528227724135,24.0,37.56651865597814,1.0
9674,2018,9919,1253,Edin Dzeko,a,FW,2242.0,8.0,4.0,117.0,8.0,0.0,13.463230917230248,3.547540300525725,24.0,39.93723305221647,0.0
9939,2018,9936,1253,Edin Dzeko,h,FW,2332.0,8.0,5.0,121.0,8.0,0.0,13.790012428537011,3.7162479693070054,25.0,41.08628525491804,1.0
10092,2018,9944,1253,Edin Dzeko,a,FW,2422.0,9.0,6.0,123.0,9.0,0.0,14.5006197784096,4.067251526750624,28.5,43.069110861979425,3.5
10495,2018,9953,1253,Edin Dzeko,h,FW,2512.0,9.0,6.0,127.0,9.0,0.0,14.870086381211877,4.276975863613188,28.5,44.38723500724882,0.0
