,season,matchId,playerId,player,homeOrAway,position,time,goals,assists,shots,yellowCard,redCard,xG,xA,bonus,xB,lastBonus
629,2018,9601,2116,Felipe Caicedo,h,Sub,0.0,0.0,0.0,0.0,0.0,0.0,0.0,0.0,0.0,0.0,0.0
1298,2018,9621,2116,Felipe Caicedo,h,FW,3.0,0.0,0.0,1.0,0.0,0.0,0.0385624319314956,0.0,0.0,0.115687295794487,0.0
1424,2018,9636,2116,Felipe Caicedo,a,FW,68.0,1.0,0.0,3.0,0.0,0.0,0.7235940247774123,0.0,3.0,2.1707820743322372,3.0
1677,2018,9637,2116,Felipe Caicedo,a,Sub,124.0,1.0,0.0,3.0,0.0,0.0,0.7235940247774123,0.0,3.0,2.1707820743322372,0.0
2109,2018,9651,2116,Felipe Caicedo,h,FW,129.0,1.0,0.0,4.0,0.0,0.0,0.7562458589673041,0.0,3.0,2.2687375769019127,0.0
2752,2018,9671,2116,Felipe Caicedo,h,FW,184.0,1.0,0.0,6.0,1.0,0.0,1.4658226445317268,0.0191875100135803,2.5,3.916655443608761,-0.5
2919,2018,9682,2116,Felipe Caicedo,h,FW,253.0,1.0,0.0,8.0,1.0,0.0,1.601072184741497,0.07271724566817281,2.5,4.375933799892664,0.0
3558,2018,9703,2116,Felipe Caicedo,h,Sub,314.0,1.0,1.0,10.0,1.0,0.0,2.1258870288729668,0.2087868265807628,3.5,6.086447913199663,1.0
3843,2018,9708,2116,Felipe Caicedo,a,Sub,322.0,1.0,1.0,10.0,1.0,0.0,2.1258870288729668,0.2087868265807628,3.5,6.086447913199663,0.0
3993,2018,9718,2116,Felipe Caicedo,h,FW,364.0,1.0,1.0,10.0,1.0,0.0,2.1258870288729668,0.2804276458919047,3.5,6.158088732510805,0.0
4422,2018,9728,2116,Felipe Caicedo,a,Sub,419.0,1.0,1.0,12.0,2.0,0.0,2.2801841273903847,0.33515285700559605,3.0,6.17570523917675,-0.5
4804,2018,9748,2116,Felipe Caicedo,a,FW,431.0,1.0,1.0,13.0,2.0,0.0,2.352363958954811,0.33515285700559605,3.0,6.3922447338700294,0.0
5125,2018,9761,2116,Felipe Caicedo,h,Sub,492.0,1.0,1.0,16.0,2.0,0.0,2.567283406853676,0.35354311577975733,3.0,7.055393336340785,0.0
5793,2018,9786,2116,Felipe Caicedo,h,Sub,494.0,1.0,1.0,16.0,2.0,0.0,2.567283406853676,0.35354311577975733,3.0,7.055393336340785,0.0
6082,2018,9791,2116,Felipe Caicedo,a,FW,500.0,1.0,1.0,16.0,2.0,0.0,2.567283406853676,0.35354311577975733,3.0,7.055393336340785,0.0
6122,2018,9801,2116,Felipe Caicedo,h,FW,559.0,2.0,1.0,22.0,3.0,0.0,3.4101030379533768,0.43404757790267445,5.5,9.164356691762805,2.5
6558,2018,9810,2116,Felipe Caicedo,a,Sub,644.0,3.0,1.0,24.0,3.0,0.0,4.219301000237465,0.515349572524428,8.5,11.673252573236823,3.0
7014,2018,9834,2116,Felipe Caicedo,h,FW,678.0,3.0,1.0,24.0,3.0,0.0,4.219301000237465,0.515349572524428,8.5,11.673252573236823,0.0
7683,2018,9851,2116,Felipe Caicedo,h,FW,743.0,4.0,1.0,25.0,3.0,0.0,5.175354912877083,0.5355668514966961,11.5,14.561631590127945,3.0
8034,2018,9861,2116,Felipe Caicedo,a,Sub,810.0,4.0,1.0,28.0,3.0,0.0,5.306236997246742,0.656484708189964,11.5,15.075195699930191,0.0
8226,2018,9875,2116,Felipe Caicedo,a,Sub,874.0,4.0,1.0,29.0,3.0,0.0,5.668981656432152,0.7687639966607089,11.5,16.275708965957165,0.0
8516,2018,9881,2116,Felipe Caicedo,h,FW,900.0,4.0,1.0,29.0,3.0,0.0,5.668981656432152,0.7687639966607089,11.5,16.275708965957165,0.0
8672,2018,9891,2116,Felipe Caicedo,a,Sub,963.0,4.0,1.0,30.0,3.0,0.0,5.689880687743425,0.8302859738469119,11.5,16.39992803707719,0.0
8881,2018,9821,2116,Felipe Caicedo,h,FW,1005.0,4.0,1.0,30.0,3.0,0.0,5.689880687743425,0.9503480345010753,11.5,16.519990097731352,0.0
9048,2018,9902,2116,Felipe Caicedo,h,FW,1074.0,5.0,1.0,34.0,3.0,0.0,5.930438835173845,0.9503480345010753,14.5,17.24166454002261,3.0
9369,2018,9909,2116,Felipe Caicedo,a,FW,1164.0,6.0,1.0,36.0,3.0,0.0,6.334194678813219,1.0578556060791011,17.5,18.56043964251876,3.0
9604,2018,9923,2116,Felipe Caicedo,h,FW,1230.0,8.0,1.0,40.0,3.0,0.0,7.006706316024065,1.2389841973781581,23.5,20.759103145450354,6.0
9786,2018,9932,2116,Felipe Caicedo,a,FW,1287.0,8.0,2.0,40.0,4.0,0.0,7.006706316024065,1.3572736158967014,24.0,20.377392563968897,0.5
