,season,matchId,playerId,player,homeOrAway,position,time,goals,assists,shots,yellowCard,redCard,xG,xA,bonus,xB,lastBonus
428,2018,9594,1115,Goran Pandev,h,AMC,0.0,0.0,0.0,0.0,0.0,0.0,0.0,0.0,0.0,0.0,0.0
750,2018,9605,1115,Goran Pandev,a,AMC,57.0,0.0,0.0,0.0,0.0,0.0,0.0,0.0331884324550628,0.0,0.0331884324550628,0.0
906,2018,9610,1115,Goran Pandev,h,FW,147.0,1.0,0.0,2.0,0.0,0.0,0.7473297119140625,0.2109088897705077,3.0,2.4528980255126953,3.0
1492,2018,9630,1115,Goran Pandev,h,AMC,210.0,1.0,0.0,2.0,0.0,0.0,0.7473297119140625,0.2512351535260676,3.0,2.4932242892682552,0.0
1842,2018,9643,1115,Goran Pandev,a,AMC,266.0,2.0,0.0,4.0,1.0,0.0,1.2261986136436462,0.2512351535260676,5.5,3.4298309944570065,2.5
2266,2018,9661,1115,Goran Pandev,a,Sub,335.0,2.0,0.0,5.0,1.0,0.0,1.2331828260794282,0.2512351535260676,5.5,3.4507836317643523,0.0
2795,2018,9581,1115,Goran Pandev,a,Sub,339.0,2.0,0.0,6.0,2.0,0.0,1.2772060865536332,0.2512351535260676,5.0,3.0828534131869674,-0.5
2849,2018,9680,1115,Goran Pandev,a,FW,344.0,2.0,0.0,6.0,2.0,0.0,1.2772060865536332,0.2512351535260676,5.0,3.0828534131869674,0.0
3170,2018,9691,1115,Goran Pandev,h,Sub,397.0,2.0,0.0,6.0,2.0,0.0,1.2772060865536332,0.2512351535260676,5.0,3.0828534131869674,0.0
3817,2018,9715,1115,Goran Pandev,a,Sub,398.0,2.0,0.0,6.0,2.0,0.0,1.2772060865536332,0.32649981603026373,5.0,3.1581180756911635,0.0
4393,2018,9734,1115,Goran Pandev,a,Sub,409.0,2.0,0.0,6.0,2.0,0.0,1.2772060865536332,0.32649981603026373,5.0,3.1581180756911635,0.0
5511,2018,9770,1115,Goran Pandev,h,FW,431.0,2.0,0.0,7.0,2.0,0.0,1.3722545886412263,0.4034088738262651,5.0,3.520172639749944,0.0
5986,2018,9792,1115,Goran Pandev,h,Sub,490.0,2.0,0.0,9.0,2.0,0.0,1.5037535661831498,0.8134975023567674,5.0,4.324758200906217,0.0
6544,2018,9810,1115,Goran Pandev,h,Sub,493.0,2.0,0.0,9.0,2.0,0.0,1.5037535661831498,0.8134975023567674,5.0,4.324758200906217,0.0
6836,2018,9818,1115,Goran Pandev,a,Sub,526.0,2.0,0.0,11.0,3.0,0.0,1.577454754151404,0.8349841497838494,4.5,4.067348412238061,-0.5
7129,2018,9833,1115,Goran Pandev,h,Sub,541.0,2.0,0.0,11.0,3.0,0.0,1.577454754151404,0.8773024640977379,4.5,4.10966672655195,0.0
7253,2018,9843,1115,Goran Pandev,a,Sub,584.0,2.0,0.0,12.0,3.0,0.0,1.6248959498479962,0.8773024640977379,4.5,4.251990313641727,0.0
7602,2018,9850,1115,Goran Pandev,h,Sub,593.0,2.0,0.0,12.0,3.0,0.0,1.6248959498479962,0.9451526440680024,4.5,4.319840493611991,0.0
7811,2018,9865,1115,Goran Pandev,a,Sub,621.0,3.0,1.0,15.0,4.0,0.0,1.9404514925554395,0.9853993467986579,8.0,4.806753824464977,3.5
8558,2018,9882,1115,Goran Pandev,a,FW,665.0,3.0,1.0,15.0,4.0,0.0,1.9404514925554395,0.9853993467986579,8.0,4.806753824464977,0.0
8754,2018,9893,1115,Goran Pandev,a,FW,732.0,3.0,2.0,19.0,4.0,0.0,2.4229076402261853,1.0488239936530586,9.0,6.317546914331615,1.0
9313,2018,9910,1115,Goran Pandev,a,FW,822.0,3.0,2.0,20.0,5.0,0.0,2.5475064935162663,1.0661225505173202,8.5,6.20864203106612,-0.5
9662,2018,9919,1115,Goran Pandev,h,Sub,891.0,3.0,2.0,22.0,5.0,0.0,2.6301105367019773,1.1092524640262122,8.5,6.4995840741321445,0.0
9759,2018,9930,1115,Goran Pandev,a,Sub,908.0,3.0,2.0,22.0,5.0,0.0,2.6301105367019773,1.1092524640262122,8.5,6.4995840741321445,0.0
10051,2018,9939,1115,Goran Pandev,h,FW,948.0,4.0,2.0,23.0,6.0,0.0,2.9539057658985257,1.558778297156095,11.0,7.420495594851673,2.5
10454,2018,9950,1115,Goran Pandev,a,FW,1038.0,4.0,2.0,26.0,6.0,0.0,3.1079928325489163,1.558778297156095,11.0,7.8827567948028445,0.0
