,season,matchId,playerId,player,homeOrAway,position,time,goals,assists,shots,yellowCard,redCard,xG,xA,bonus,xB,lastBonus
332,2018,9590,1468,Gregoire Defrel,a,FW,0.0,0.0,0.0,0.0,0.0,0.0,0.0,0.0,0.0,0.0,0.0
710,2018,9604,1468,Gregoire Defrel,h,FW,90.0,0.0,0.0,1.0,0.0,0.0,0.0335179418325424,0.0769305974245071,0.0,0.1774844229221344,0.0
864,2018,9609,1468,Gregoire Defrel,a,FW,180.0,2.0,0.0,3.0,0.0,0.0,0.5707822889089584,0.0769305974245071,6.0,1.7892774641513824,6.0
1074,2018,9580,1468,Gregoire Defrel,h,FW,270.0,4.0,0.0,6.0,1.0,0.0,1.4377194494009018,0.0769305974245071,11.5,3.8900889456272125,5.5
1186,2018,9624,1468,Gregoire Defrel,h,FW,360.0,4.0,0.0,7.0,1.0,0.0,1.5033137947320938,0.0769305974245071,11.5,4.086871981620789,0.0
1480,2018,9628,1468,Gregoire Defrel,a,FW,450.0,4.0,0.0,8.0,2.0,0.0,1.5918371230363846,0.0769305974245071,11.0,3.852441966533661,-0.5
1914,2018,9638,1468,Gregoire Defrel,h,FW,540.0,4.0,0.0,11.0,2.0,0.0,2.4518010169267654,0.4547973424196243,11.0,6.810200393199921,0.0
2095,2018,9647,1468,Gregoire Defrel,a,FW,608.0,5.0,0.0,13.0,2.0,0.0,2.902243509888649,0.8250652998685836,14.0,8.53179582953453,3.0
2472,2018,9664,1468,Gregoire Defrel,h,FW,694.0,5.0,0.0,13.0,2.0,0.0,2.902243509888649,0.9108793735504148,14.0,8.617609903216362,0.0
2710,2018,9672,1468,Gregoire Defrel,a,FW,757.0,5.0,0.0,15.0,2.0,0.0,3.273965284228325,0.9108793735504148,14.0,9.73277522623539,0.0
3005,2018,9685,1468,Gregoire Defrel,h,Sub,819.0,5.0,0.0,15.0,2.0,0.0,3.273965284228325,0.9108793735504148,14.0,9.73277522623539,0.0
3293,2018,9692,1468,Gregoire Defrel,a,FW,854.0,5.0,0.0,15.0,2.0,0.0,3.273965284228325,0.9108793735504148,14.0,9.73277522623539,0.0
3594,2018,9700,1468,Gregoire Defrel,a,FW,944.0,6.0,0.0,16.0,2.0,0.0,3.547897979617119,0.9108793735504148,17.0,10.554573312401772,3.0
3693,2018,9712,1468,Gregoire Defrel,h,Sub,996.0,6.0,0.0,16.0,2.0,0.0,3.547897979617119,0.931613868102431,17.0,10.575307806953788,0.0
4325,2018,9735,1468,Gregoire Defrel,h,Sub,1021.0,6.0,0.0,16.0,2.0,0.0,3.547897979617119,0.9932097550481553,17.0,10.636903693899512,0.0
4639,2018,9744,1468,Gregoire Defrel,a,FW,1042.0,6.0,0.0,16.0,2.0,0.0,3.547897979617119,1.4246042724698778,17.0,11.068298211321235,0.0
4876,2018,9754,1468,Gregoire Defrel,h,Sub,1128.0,6.0,1.0,17.0,2.0,0.0,3.5660398844629526,1.48853918723762,18.0,11.186658840626478,1.0
5027,2018,9760,1468,Gregoire Defrel,a,Sub,1140.0,6.0,1.0,18.0,2.0,0.0,3.6245858501642942,1.48853918723762,18.0,11.362296737730503,0.0
5416,2018,9768,1468,Gregoire Defrel,a,Sub,1161.0,6.0,1.0,18.0,2.0,0.0,3.6245858501642942,1.48853918723762,18.0,11.362296737730503,0.0
5595,2018,9779,1468,Gregoire Defrel,h,FW,1181.0,6.0,1.0,18.0,2.0,0.0,3.6245858501642942,1.48853918723762,18.0,11.362296737730503,0.0
5887,2018,9795,1468,Gregoire Defrel,a,FW,1256.0,6.0,1.0,20.0,2.0,0.0,3.7890320103615522,1.7566641848534341,18.0,12.123760215938091,0.0
6292,2018,9804,1468,Gregoire Defrel,h,Sub,1315.0,6.0,1.0,20.0,2.0,0.0,3.7890320103615522,1.8655710201710458,18.0,12.232667051255703,0.0
6611,2018,9811,1468,Gregoire Defrel,a,FW,1348.0,6.0,1.0,21.0,2.0,0.0,3.8429272565990686,1.8655710201710458,18.0,12.394352789968252,0.0
6764,2018,9824,1468,Gregoire Defrel,h,FW,1438.0,6.0,1.0,23.0,2.0,0.0,3.9799622390419245,1.8655710201710458,18.0,12.80545773729682,0.0
7088,2018,9827,1468,Gregoire Defrel,a,Sub,1528.0,6.0,1.0,27.0,2.0,0.0,4.4991190526634455,1.8655710201710458,18.0,14.362928178161383,0.0
7379,2018,9845,1468,Gregoire Defrel,h,Sub,1547.0,6.0,1.0,27.0,2.0,0.0,4.4991190526634455,1.8846078198403116,18.0,14.381964977830648,0.0
7527,2018,9853,1468,Gregoire Defrel,a,AMC,1551.0,6.0,1.0,28.0,2.0,0.0,4.568421149626374,1.8846078198403116,18.0,14.589871268719435,0.0
7851,2018,9864,1468,Gregoire Defrel,h,FW,1623.0,7.0,2.0,30.0,2.0,0.0,5.418818855658174,1.9375405628234144,22.0,17.193997129797935,4.0
8254,2018,9876,1468,Gregoire Defrel,a,Sub,1713.0,8.0,2.0,34.0,2.0,0.0,6.431654477491975,1.9375405628234144,25.0,20.23250399529934,3.0
8376,2018,9884,1468,Gregoire Defrel,h,FW,1738.0,8.0,3.0,35.0,2.0,0.0,6.451313633471727,1.9625991117209192,26.0,20.3165400121361,1.0
8740,2018,9893,1468,Gregoire Defrel,h,FW,1828.0,8.0,3.0,36.0,2.0,0.0,6.486495282500982,2.448279989883303,26.0,20.90776583738625,0.0
8951,2018,9897,1468,Gregoire Defrel,a,FW,1899.0,9.0,3.0,37.0,2.0,0.0,7.14329394325614,2.448279989883303,29.0,22.878161819651723,3.0
9355,2018,9909,1468,Gregoire Defrel,h,FW,1989.0,9.0,3.0,38.0,2.0,0.0,7.154203316196799,2.448279989883303,29.0,22.9108899384737,0.0
9645,2018,9926,1468,Gregoire Defrel,a,AMC,2079.0,9.0,3.0,41.0,2.0,0.0,7.692516287788749,2.448279989883303,29.0,24.52582885324955,0.0
10119,2018,9937,1468,Gregoire Defrel,a,AMC,2159.0,10.0,3.0,43.0,2.0,0.0,8.175459941849113,3.081900371238589,32.0,26.608280196785927,3.0
10522,2018,9954,1468,Gregoire Defrel,h,FW,2249.0,10.0,3.0,46.0,2.0,0.0,8.50795834325254,3.081900371238589,32.0,27.605775400996208,0.0
