,season,matchId,playerId,player,homeOrAway,position,time,goals,assists,shots,yellowCard,redCard,xG,xA,bonus,xB,lastBonus
189,2018,9585,1492,Jasmin Kurtic,a,MC,0.0,0.0,0.0,0.0,0.0,0.0,0.0,0.0,0.0,0.0,0.0
287,2018,9589,1492,Jasmin Kurtic,h,MC,84.0,1.0,0.0,3.0,0.0,0.0,0.0506670698523521,0.0,3.0,0.1520012095570564,3.0
777,2018,9606,1492,Jasmin Kurtic,a,MC,174.0,1.0,0.0,7.0,1.0,0.0,0.4766098484396934,0.103897601366043,2.5,1.0337271466851234,-0.5
1043,2018,9615,1492,Jasmin Kurtic,h,MC,264.0,1.0,0.0,8.0,1.0,0.0,0.5303020812571048,0.1246134229004382,2.5,1.215519666671753,0.0
1169,2018,9619,1492,Jasmin Kurtic,a,MC,354.0,1.0,0.0,11.0,1.0,0.0,0.6901889331638812,0.1246134229004382,2.5,1.6951802223920822,0.0
1603,2018,9635,1492,Jasmin Kurtic,h,MC,444.0,1.0,0.0,13.0,2.0,0.0,0.8544253893196581,0.1246134229004382,2.0,1.6878895908594131,-0.5
3142,2018,9694,1492,Jasmin Kurtic,h,Sub,512.0,1.0,0.0,13.0,3.0,0.0,0.8544253893196581,0.1246134229004382,1.5,1.1878895908594131,-0.5
3399,2018,9702,1492,Jasmin Kurtic,a,MC,548.0,1.0,0.0,14.0,3.0,0.0,0.9779882095754143,0.1246134229004382,1.5,1.5585780516266823,0.0
3633,2018,9714,1492,Jasmin Kurtic,h,MC,638.0,1.0,0.0,19.0,3.0,0.0,1.1009567119181152,0.1246134229004382,1.5,1.9274835586547852,0.0
4142,2018,9726,1492,Jasmin Kurtic,a,MC,728.0,3.0,0.0,22.0,4.0,0.0,1.5902159251272674,0.17602562159299828,7.0,2.946673396974802,5.5
4235,2018,9736,1492,Jasmin Kurtic,h,MC,818.0,3.0,0.0,26.0,4.0,0.0,1.7019350714981551,0.17602562159299828,7.0,3.2818308360874653,0.0
4528,2018,9739,1492,Jasmin Kurtic,a,MC,908.0,3.0,0.0,28.0,4.0,0.0,1.7624646723270412,0.2241541147232053,7.0,3.5115481317043304,0.0
5272,2018,9762,1492,Jasmin Kurtic,a,MC,998.0,3.0,0.0,29.0,5.0,0.0,1.7727932725101705,0.2961404770612714,6.5,3.1145202945917845,-0.5
5426,2018,9775,1492,Jasmin Kurtic,h,MC,1088.0,3.0,0.0,31.0,6.0,0.0,1.833613427355885,0.32034919224679437,6.0,2.821189474314451,-0.5
5690,2018,9778,1492,Jasmin Kurtic,a,MC,1178.0,4.0,0.0,35.0,6.0,0.0,2.3285207767039533,0.4108235668390986,9.0,4.39638589695096,3.0
5927,2018,9787,1492,Jasmin Kurtic,h,MC,1268.0,4.0,1.0,43.0,6.0,0.0,2.5285811144858594,1.1149232219904657,10.0,5.700666565448046,1.0
6273,2018,9797,1492,Jasmin Kurtic,a,MC,1358.0,4.0,1.0,44.0,7.0,0.0,2.568378051742911,1.1505632158368821,9.5,5.355697371065617,-0.5
6482,2018,9815,1492,Jasmin Kurtic,h,MC,1448.0,4.0,2.0,46.0,7.0,0.0,2.737075379118323,1.6576784607022996,10.5,6.36890459805727,1.0
6860,2018,9825,1492,Jasmin Kurtic,a,ML,1538.0,4.0,2.0,46.0,7.0,0.0,2.737075379118323,2.012563413009047,10.5,6.7237895503640175,0.0
7069,2018,9827,1492,Jasmin Kurtic,h,ML,1628.0,4.0,2.0,47.0,7.0,0.0,2.753632457926869,2.1855277772992845,10.5,6.946425151079893,0.0
7360,2018,9841,1492,Jasmin Kurtic,a,MC,1718.0,5.0,2.0,51.0,7.0,0.0,2.925894366577267,2.2440430913120504,13.5,7.521726191043854,3.0
7540,2018,9854,1492,Jasmin Kurtic,h,MC,1808.0,5.0,2.0,52.0,7.0,0.0,2.9960155282169576,2.2440430913120504,13.5,7.732089675962925,0.0
7945,2018,9860,1492,Jasmin Kurtic,a,MC,1889.0,5.0,2.0,53.0,7.0,0.0,3.02019615098834,2.306872190907597,13.5,7.867460643872619,0.0
8209,2018,9875,1492,Jasmin Kurtic,h,MC,1962.0,5.0,3.0,53.0,8.0,0.0,3.02019615098834,2.4378468859940763,14.0,7.498435338959098,0.5
8445,2018,9878,1492,Jasmin Kurtic,a,MC,2052.0,5.0,3.0,55.0,8.0,0.0,3.0496310163289304,2.4378468859940763,14.0,7.586739934980869,0.0
9004,2018,9899,1492,Jasmin Kurtic,a,MC,2118.0,5.0,3.0,55.0,8.0,0.0,3.0496310163289304,2.4378468859940763,14.0,7.586739934980869,0.0
9296,2018,9910,1492,Jasmin Kurtic,h,MC,2208.0,5.0,3.0,55.0,8.0,0.0,3.0496310163289304,2.4537820853292938,14.0,7.602675134316087,0.0
9504,2018,9917,1492,Jasmin Kurtic,a,MC,2298.0,5.0,3.0,57.0,8.0,0.0,3.472560571506619,2.5119049772620197,14.0,8.929586691781878,0.0
10033,2018,9945,1492,Jasmin Kurtic,a,MC,2388.0,6.0,4.0,61.0,8.0,0.0,3.68572031147778,3.0284705385565753,18.0,10.085631472989917,4.0
10547,2018,9955,1492,Jasmin Kurtic,h,MC,2478.0,6.0,5.0,64.0,9.0,0.0,3.8319034148007627,3.2243816629052158,18.5,10.220091907307506,0.5
