,season,matchId,playerId,player,homeOrAway,position,time,goals,assists,shots,yellowCard,redCard,xG,xA,bonus,xB,lastBonus
1061,2018,9615,1426,Josip Ilicic,a,Sub,0.0,0.0,0.0,0.0,0.0,0.0,0.0,0.0,0.0,0.0,0.0
1341,2018,9622,1426,Josip Ilicic,a,Sub,53.0,0.0,0.0,3.0,1.0,0.0,0.2445344179868698,0.0599017813801765,-0.5,0.293505035340786,-0.5
1439,2018,9627,1426,Josip Ilicic,h,Sub,66.0,0.0,0.0,3.0,1.0,0.0,0.2445344179868698,0.12195570394396771,-0.5,0.3555589579045772,0.0
2082,2018,9647,1426,Josip Ilicic,h,Sub,92.0,0.0,0.0,4.0,1.0,0.0,0.3096231669187545,0.1916650198400019,-0.5,0.6205345205962657,0.0
2373,2018,9658,1426,Josip Ilicic,a,FWR,125.0,0.0,0.0,4.0,2.0,0.0,0.3096231669187545,0.7080598734319208,-1.0,0.6369293741881846,-0.5
2498,2018,9667,1426,Josip Ilicic,h,FWR,186.0,3.0,0.0,8.0,2.0,0.0,1.4389378279447556,1.0583188794553278,8.0,4.375132363289595,9.0
3043,2018,9677,1426,Josip Ilicic,a,AMC,276.0,3.0,1.0,18.0,2.0,0.0,1.9669587463140488,1.6848860643804071,9.0,6.585762303322554,1.0
3196,2018,9687,1426,Josip Ilicic,h,AMC,359.0,3.0,1.0,21.0,3.0,0.0,2.140801101922989,1.7374705895781515,8.5,6.659873895347118,-0.5
3515,2018,9699,1426,Josip Ilicic,a,FW,449.0,3.0,3.0,25.0,3.0,0.0,3.784634977579117,2.590669594705105,10.5,12.444574527442455,2.0
4404,2018,9728,1426,Josip Ilicic,h,FW,534.0,3.0,3.0,27.0,4.0,1.0,3.9614939391613007,2.614655440673232,9.5,11.999137258157134,-1.0
4667,2018,9745,1426,Josip Ilicic,a,FW,602.0,3.0,3.0,30.0,4.0,1.0,4.0347296223044395,2.614655440673232,9.5,12.21884430758655,0.0
4763,2018,9747,1426,Josip Ilicic,h,FW,692.0,3.0,3.0,32.0,4.0,1.0,4.837613366544247,2.6817296501249075,9.5,14.694569749757648,0.0
5196,2018,9765,1426,Josip Ilicic,a,Sub,770.0,3.0,3.0,36.0,4.0,1.0,5.083843998610973,2.7244873251765966,9.5,15.476019321009517,0.0
5387,2018,9769,1426,Josip Ilicic,a,FW,797.0,6.0,3.0,39.0,4.0,1.0,6.036457888782024,2.784597309306264,18.5,18.393970975652337,9.0
5706,2018,9782,1426,Josip Ilicic,h,FW,887.0,6.0,3.0,42.0,4.0,1.0,6.239907465875149,3.1964768189936876,18.5,19.416199216619134,0.0
6111,2018,9789,1426,Josip Ilicic,a,Sub,971.0,6.0,4.0,49.0,4.0,1.0,6.685401611030102,3.342122869566083,19.5,20.89832770265639,1.0
6261,2018,9797,1426,Josip Ilicic,h,FW,998.0,6.0,4.0,50.0,4.0,1.0,6.7176757007837296,3.363971883431077,19.5,21.016998985782266,0.0
6456,2018,9807,1426,Josip Ilicic,h,FW,1088.0,7.0,4.0,53.0,4.0,1.0,7.31781043112278,3.4574676547199488,22.5,22.91089894808829,3.0
6721,2018,9826,1426,Josip Ilicic,a,AMC,1178.0,7.0,5.0,57.0,4.0,1.0,7.451378583908081,3.968383589759469,23.5,23.822519341483712,1.0
7153,2018,9830,1426,Josip Ilicic,h,AMC,1268.0,7.0,5.0,58.0,4.0,1.0,7.479579204693437,4.086616383865476,23.5,24.025353997945786,0.0
7390,2018,9845,1426,Josip Ilicic,a,FW,1358.0,8.0,5.0,63.0,4.0,1.0,7.797119015827775,4.850991116836667,26.5,25.742348164319992,3.0
7627,2018,9847,1426,Josip Ilicic,h,FW,1447.0,8.0,6.0,67.0,4.0,1.0,8.019096488133073,5.299309568479657,27.5,26.856599032878876,1.0
7896,2018,9863,1426,Josip Ilicic,a,Sub,1526.0,9.0,6.0,70.0,4.0,1.0,8.463984066620469,5.452970402315259,30.5,28.344922602176666,3.0
8295,2018,9867,1426,Josip Ilicic,h,FW,1561.0,9.0,6.0,71.0,4.0,1.0,8.495031882077456,5.452970402315259,30.5,28.438066048547626,0.0
8503,2018,9880,1426,Josip Ilicic,a,FW,1624.0,11.0,7.0,75.0,4.0,1.0,8.680384505540133,5.6383038479834795,37.5,29.179457364603877,7.0
8852,2018,9887,1426,Josip Ilicic,h,FW,1706.0,11.0,7.0,77.0,4.0,1.0,8.772383604198694,6.514190943911672,37.5,30.331341756507754,0.0
9174,2018,9903,1426,Josip Ilicic,a,Sub,1796.0,11.0,7.0,85.0,4.0,1.0,9.179410103708506,7.698506386950612,37.5,32.73673669807613,0.0
9619,2018,9923,1426,Josip Ilicic,a,FW,1830.0,11.0,7.0,88.0,4.0,1.0,9.263327147811651,7.698506386950612,37.5,32.988487830385566,0.0
9744,2018,9930,1426,Josip Ilicic,h,FW,1897.0,11.0,7.0,91.0,4.0,1.0,9.915796425193548,7.805190721526742,37.5,35.05257999710739,0.0
10233,2018,9940,1426,Josip Ilicic,a,FW,1986.0,11.0,7.0,94.0,4.0,1.0,10.047812100499868,7.805190721526742,37.5,35.44862702302635,0.0
10386,2018,9947,1426,Josip Ilicic,h,FW,2066.0,12.0,7.0,99.0,4.0,1.0,10.61724602803588,7.805190721526742,40.5,37.15692880563438,3.0
