,season,matchId,playerId,player,homeOrAway,position,time,goals,assists,shots,yellowCard,redCard,xG,xA,bonus,xB,lastBonus
49,2018,9578,1386,Piotr Zielinski,a,MC,0.0,0.0,0.0,0.0,0.0,0.0,0.0,0.0,0.0,0.0,0.0
259,2018,9588,1386,Piotr Zielinski,h,MC,88.0,0.0,0.0,2.0,0.0,0.0,0.0523193292319774,0.0,0.0,0.1569579876959324,0.0
719,2018,9604,1386,Piotr Zielinski,a,MC,163.0,2.0,0.0,6.0,0.0,0.0,0.25478882715106,0.0,6.0,0.7643664814531803,6.0
819,2018,9613,1386,Piotr Zielinski,h,MC,253.0,2.0,0.0,10.0,0.0,0.0,0.4044838659465312,0.0163577236235141,6.0,1.229809321463108,0.0
1231,2018,9626,1386,Piotr Zielinski,a,Sub,343.0,2.0,0.0,12.0,1.0,0.0,0.7805842868983743,0.22510978952050198,5.5,2.0668626502156258,-0.5
1548,2018,9633,1386,Piotr Zielinski,h,ML,377.0,2.0,0.0,12.0,1.0,0.0,0.7805842868983743,0.5319898463785646,5.5,2.3737427070736885,0.0
1701,2018,9646,1386,Piotr Zielinski,a,MC,453.0,2.0,0.0,16.0,1.0,0.0,1.269218813627958,0.9641369916498659,5.5,4.271793432533741,0.0
2160,2018,9653,1386,Piotr Zielinski,h,MC,514.0,2.0,0.0,18.0,1.0,0.0,1.3018815554678438,0.9641369916498659,5.5,4.369781658053398,0.0
2287,2018,9665,1386,Piotr Zielinski,a,MC,604.0,2.0,0.0,21.0,1.0,0.0,1.845978323370218,1.2449764944612978,5.5,6.282911464571953,0.0
2725,2018,9676,1386,Piotr Zielinski,h,Sub,694.0,2.0,0.0,23.0,1.0,0.0,2.230597350746393,1.3164978958666322,5.5,7.508289948105812,0.0
2805,2018,9683,1386,Piotr Zielinski,h,ML,708.0,2.0,0.0,23.0,1.0,0.0,2.230597350746393,1.3512791469693182,5.5,7.543071199208498,0.0
3181,2018,9691,1386,Piotr Zielinski,a,ML,791.0,2.0,0.0,25.0,1.0,0.0,2.2975209914147854,1.7031888142228124,5.5,8.095751788467169,0.0
3525,2018,9704,1386,Piotr Zielinski,h,MC,837.0,2.0,0.0,27.0,1.0,0.0,2.4274981431663036,1.8580811396241186,5.5,8.64057556912303,0.0
3898,2018,9707,1386,Piotr Zielinski,a,Sub,927.0,2.0,0.0,29.0,1.0,0.0,2.4847248271107674,1.8580811396241186,5.5,8.812255620956421,0.0
3936,2018,9720,1386,Piotr Zielinski,h,ML,940.0,2.0,0.0,29.0,1.0,0.0,2.4847248271107674,1.8580811396241186,5.5,8.812255620956421,0.0
4363,2018,9730,1386,Piotr Zielinski,a,AML,1030.0,3.0,0.0,30.0,2.0,0.0,2.53056113794446,1.9890838488936422,8.0,8.580767262727022,2.5
4515,2018,9739,1386,Piotr Zielinski,h,ML,1120.0,3.0,0.0,32.0,2.0,0.0,2.579452730715275,2.133537702262401,8.0,8.871895894408226,0.0
4997,2018,9752,1386,Piotr Zielinski,a,ML,1210.0,3.0,0.0,36.0,2.0,0.0,2.742164693772793,2.5211192592978473,8.0,9.747613340616226,0.0
5230,2018,9763,1386,Piotr Zielinski,h,MC,1300.0,3.0,0.0,38.0,2.0,0.0,3.2072082087397575,2.5211192592978473,8.0,11.14274388551712,0.0
5481,2018,9773,1386,Piotr Zielinski,h,ML,1390.0,3.0,0.0,38.0,2.0,0.0,3.2072082087397575,2.5211192592978473,8.0,11.14274388551712,0.0
5633,2018,9777,1386,Piotr Zielinski,a,MC,1480.0,3.0,0.0,41.0,3.0,0.0,3.2721385583281517,3.2175231799483295,7.5,11.533938854932785,-0.5
5872,2018,9795,1386,Piotr Zielinski,h,ML,1570.0,3.0,0.0,46.0,3.0,0.0,3.5225933715701103,3.4031816795468326,7.5,12.470961794257164,0.0
6190,2018,9800,1386,Piotr Zielinski,a,ML,1660.0,3.0,0.0,49.0,3.0,0.0,3.687553845345974,3.507062956690788,7.5,13.06972449272871,0.0
6623,2018,9813,1386,Piotr Zielinski,h,ML,1750.0,3.0,0.0,50.0,4.0,0.0,4.074377082288265,4.051388189196587,7.0,14.274519436061382,-0.5
6888,2018,9823,1386,Piotr Zielinski,a,ML,1840.0,3.0,0.0,50.0,4.0,0.0,4.074377082288265,4.260353460907936,7.0,14.483484707772732,0.0
7180,2018,9836,1386,Piotr Zielinski,h,ML,1916.0,4.0,0.0,53.0,4.0,0.0,4.233345545828342,4.420048102736473,10.0,15.1200847402215,3.0
7708,2018,9852,1386,Piotr Zielinski,h,MC,2006.0,4.0,0.0,61.0,4.0,0.0,4.762464679777622,4.453402493149042,10.0,16.74079653248191,0.0
8110,2018,9869,1386,Piotr Zielinski,a,DMC,2096.0,4.0,0.0,62.0,5.0,0.0,4.788901073858142,4.453402493149042,9.5,16.320105714723468,-0.5
8543,2018,9882,1386,Piotr Zielinski,h,ML,2186.0,5.0,0.0,65.0,5.0,0.0,4.850566206499934,4.474648222327232,12.5,16.526346841827035,3.0
8808,2018,9888,1386,Piotr Zielinski,a,MC,2276.0,5.0,1.0,68.0,5.0,0.0,5.227255759760737,4.5536929666996,13.5,17.735460245981812,1.0
9157,2018,9903,1386,Piotr Zielinski,h,ML,2366.0,5.0,2.0,70.0,5.0,0.0,5.280575880780816,4.577597700059414,14.5,17.919325342401862,1.0
9282,2018,9916,1386,Piotr Zielinski,a,MC,2449.0,5.0,2.0,71.0,5.0,0.0,5.4112331960350275,4.577597700059414,14.5,18.311297288164496,0.0
9685,2018,9925,1386,Piotr Zielinski,h,MC,2539.0,5.0,2.0,73.0,5.0,0.0,5.467939784750342,4.607453277334571,14.5,18.511272631585598,0.0
9924,2018,9928,1386,Piotr Zielinski,a,AMC,2629.0,5.0,2.0,75.0,5.0,0.0,5.504130041226745,4.93629907630384,14.5,18.948689199984074,0.0
10244,2018,9946,1386,Piotr Zielinski,h,MC,2715.0,5.0,2.0,77.0,5.0,0.0,5.628179317340255,5.619154801592231,14.5,20.003692753612995,0.0
10313,2018,9948,1386,Piotr Zielinski,a,MC,2805.0,6.0,2.0,78.0,5.0,0.0,5.642983314581215,5.619154801592231,17.5,20.048104745335877,3.0
