,season,matchId,playerId,player,homeOrAway,position,time,goals,assists,shots,yellowCard,redCard,xG,xA,bonus,xB,lastBonus
106,2018,9582,1145,Rodrigo de Paul,a,ML,0.0,0.0,0.0,0.0,0.0,0.0,0.0,0.0,0.0,0.0,0.0
318,2018,9590,1145,Rodrigo de Paul,h,FWL,87.0,1.0,0.0,3.0,0.0,0.0,0.7958757877349854,0.077519990503788,3.0,2.465147353708744,3.0
610,2018,9600,1145,Rodrigo de Paul,a,AMC,177.0,2.0,0.0,4.0,0.0,0.0,0.8829261288046837,0.6454798355698586,6.0,3.2942582219839096,3.0
961,2018,9616,1145,Rodrigo de Paul,h,ML,267.0,2.0,0.0,7.0,0.0,0.0,0.9428766742348671,0.6730095427483319,6.0,3.5016395654529333,0.0
1283,2018,9618,1145,Rodrigo de Paul,a,ML,357.0,3.0,0.0,10.0,0.0,0.0,1.067361980676651,0.797926580533385,9.0,4.000012522563338,3.0
1408,2018,9636,1145,Rodrigo de Paul,h,ML,447.0,4.0,1.0,11.0,0.0,0.0,1.0813650712370872,1.3990981336683033,13.0,4.643193347379565,4.0
1759,2018,9640,1145,Rodrigo de Paul,a,ML,537.0,4.0,2.0,12.0,0.0,0.0,1.163841888308525,1.4962183143943546,14.0,4.98774397931993,1.0
1997,2018,9656,1145,Rodrigo de Paul,h,ML,627.0,4.0,3.0,15.0,1.0,0.0,1.2207141257822514,2.3506243731826544,14.5,5.5127667505294085,0.5
2277,2018,9665,1145,Rodrigo de Paul,h,FW,717.0,4.0,3.0,16.0,2.0,0.0,1.2306610345840454,2.4630400147289038,14.0,5.15502311848104,-0.5
2654,2018,9670,1145,Rodrigo de Paul,a,FW,807.0,4.0,3.0,18.0,2.0,0.0,1.2681626006960869,2.6877815779298544,14.0,5.492269380018115,0.0
3055,2018,9686,1145,Rodrigo de Paul,h,MC,897.0,5.0,4.0,21.0,2.0,0.0,1.3266404680907726,2.8862656708806753,18.0,5.866187075152993,4.0
3263,2018,9689,1145,Rodrigo de Paul,a,MC,987.0,5.0,4.0,24.0,2.0,0.0,1.3766161799430847,2.9101460706442595,18.0,6.039994610473514,0.0
3362,2018,9706,1145,Rodrigo de Paul,h,FW,1077.0,5.0,4.0,33.0,2.0,0.0,2.2987882494926453,3.7232576739042997,18.0,9.619622422382236,0.0
3786,2018,9713,1145,Rodrigo de Paul,a,FW,1157.0,6.0,4.0,34.0,3.0,0.0,2.7123819291591644,4.008471889421344,20.5,10.645617676898837,2.5
4076,2018,9723,1145,Rodrigo de Paul,h,AMC,1247.0,6.0,4.0,34.0,4.0,0.0,2.7123819291591644,4.086508018895984,20.0,10.223653806373477,-0.5
4200,2018,9733,1145,Rodrigo de Paul,a,FW,1337.0,6.0,4.0,34.0,4.0,0.0,2.7123819291591644,4.212285844609141,20.0,10.349431632086635,0.0
4600,2018,9742,1145,Rodrigo de Paul,h,FW,1427.0,6.0,4.0,37.0,4.0,0.0,2.8323429599404335,4.212285844609141,20.0,10.709314724430442,0.0
4915,2018,9755,1145,Rodrigo de Paul,a,MC,1517.0,6.0,4.0,41.0,4.0,0.0,3.090367116034031,4.222317428328097,20.0,11.49341877643019,0.0
5316,2018,9776,1145,Rodrigo de Paul,h,MC,1607.0,6.0,4.0,42.0,5.0,0.0,3.1431916505098343,4.2740205796435475,19.5,11.20359553117305,-0.5
5608,2018,9779,1145,Rodrigo de Paul,a,AMC,1697.0,6.0,4.0,50.0,5.0,0.0,3.451731815934181,4.660940197296441,19.5,12.516135645098984,0.0
5957,2018,9788,1145,Rodrigo de Paul,h,FW,1787.0,6.0,4.0,51.0,5.0,0.0,3.489166349172592,4.711554274894297,19.5,12.679053322412074,0.0
6329,2018,9806,1145,Rodrigo de Paul,a,MC,1862.0,6.0,4.0,52.0,5.0,0.0,3.8725480139255524,4.855487243272364,19.5,13.973131285049021,0.0
6567,2018,9816,1145,Rodrigo de Paul,h,MC,1952.0,6.0,4.0,55.0,6.0,0.0,4.785525947809219,4.862492149230093,19.0,16.21906999265775,-0.5
7097,2018,9829,1145,Rodrigo de Paul,h,MC,2042.0,6.0,4.0,58.0,6.0,0.0,4.914264425635338,4.889301711227745,19.0,16.63209498813376,0.0
7224,2018,9842,1145,Rodrigo de Paul,a,FW,2132.0,7.0,4.0,60.0,6.0,0.0,5.728109166026115,4.967911922838539,22.0,19.152239420916885,3.0
7721,2018,9852,1145,Rodrigo de Paul,a,MC,2222.0,7.0,5.0,61.0,6.0,0.0,5.738762183114886,5.044303746428341,23.0,19.260590295773,1.0
7795,2018,9865,1145,Rodrigo de Paul,h,FWL,2312.0,7.0,5.0,61.0,6.0,0.0,5.738762183114886,5.188679100479931,23.0,19.40496564982459,0.0
8057,2018,9872,1145,Rodrigo de Paul,a,MC,2402.0,7.0,5.0,63.0,6.0,0.0,6.227776838466525,5.400359915103763,23.0,21.08369043050334,0.0
8457,2018,9885,1145,Rodrigo de Paul,h,MC,2492.0,7.0,5.0,63.0,6.0,0.0,6.227776838466525,6.176335023250431,23.0,21.859665538650006,0.0
8639,2018,9892,1145,Rodrigo de Paul,a,MC,2582.0,9.0,5.0,70.0,6.0,0.0,7.177003039047122,6.328855620231479,29.0,24.859864737372845,6.0
8894,2018,9821,1145,Rodrigo de Paul,a,AMC,2672.0,9.0,5.0,72.0,6.0,0.0,7.28377497009933,6.424124428536743,29.0,25.275449338834733,0.0
9074,2018,9905,1145,Rodrigo de Paul,h,MC,2747.0,9.0,5.0,76.0,6.0,0.0,8.139058349654078,6.4950972511433065,29.0,27.912272300105542,0.0
9424,2018,9912,1145,Rodrigo de Paul,a,AMC,2837.0,9.0,5.0,79.0,6.0,0.0,8.752913592383265,6.552146797534078,29.0,29.810887574683875,0.0
9520,2018,9921,1145,Rodrigo de Paul,h,AMC,2927.0,9.0,5.0,80.0,6.0,0.0,8.786408776417375,6.615355712827295,29.0,29.97458204207942,0.0
9895,2018,9934,1145,Rodrigo de Paul,a,MC,3017.0,9.0,5.0,82.0,6.0,0.0,8.961288342252374,6.774566096719354,29.0,30.658431123476475,0.0
10020,2018,9945,1145,Rodrigo de Paul,h,MC,3107.0,9.0,6.0,87.0,6.0,0.0,9.134406173601747,7.69164298241958,30.0,32.09486150322482,1.0
