,season,matchId,playerId,player,homeOrAway,position,time,goals,assists,shots,yellowCard,redCard,xG,xA,bonus,xB,lastBonus
768,2018,9606,1642,Simone Zaza,h,Sub,0.0,0.0,0.0,0.0,0.0,0.0,0.0,0.0,0.0,0.0,0.0
978,2018,9616,1642,Simone Zaza,a,Sub,18.0,0.0,0.0,2.0,0.0,0.0,0.1650510430335998,0.0,0.0,0.4951531291007995,0.0
1213,2018,9626,1642,Simone Zaza,h,FW,91.0,0.0,0.0,3.0,1.0,0.0,0.2128772363066672,0.0242378991097211,-0.5,0.1628696080297231,-0.5
1454,2018,9627,1642,Simone Zaza,a,Sub,181.0,0.0,0.0,4.0,1.0,0.0,0.2728928625583647,0.1198519449681042,-0.5,0.4385305326431989,0.0
1790,2018,9641,1642,Simone Zaza,a,Sub,182.0,0.0,0.0,4.0,1.0,0.0,0.2728928625583647,0.1198519449681042,-0.5,0.4385305326431989,0.0
1942,2018,9655,1642,Simone Zaza,h,FW,211.0,1.0,0.0,7.0,1.0,0.0,0.5715436339378355,0.1979885455220936,2.5,1.4126194473356009,3.0
2350,2018,9657,1642,Simone Zaza,a,Sub,301.0,1.0,1.0,13.0,1.0,0.0,1.0606172084808347,0.2169533297419546,3.5,2.8988049551844597,1.0
2559,2018,9675,1642,Simone Zaza,h,Sub,322.0,1.0,1.0,14.0,1.0,0.0,1.202120169997215,0.2169533297419546,3.5,3.3233138397336006,0.0
3019,2018,9685,1642,Simone Zaza,a,Sub,345.0,1.0,1.0,14.0,1.0,0.0,1.202120169997215,0.2694484703242776,3.5,3.3758089803159237,0.0
3116,2018,9695,1642,Simone Zaza,h,Sub,350.0,1.0,1.0,15.0,1.0,0.0,1.2216323297470806,0.2694484703242776,3.5,3.4343454595655203,0.0
3624,2018,9698,1642,Simone Zaza,a,Sub,390.0,1.0,1.0,17.0,1.0,0.0,2.037806121632457,0.32455443218350377,3.5,5.937972797080874,0.0
3799,2018,9715,1642,Simone Zaza,h,FW,407.0,1.0,1.0,20.0,1.0,0.0,2.208668990060687,0.32455443218350377,3.5,6.450561402365565,0.0
4175,2018,9719,1642,Simone Zaza,a,Sub,497.0,1.0,1.0,25.0,2.0,0.0,2.7533834408968687,0.4182684309780594,3.0,7.678418753668666,-0.5
4212,2018,9727,1642,Simone Zaza,h,FW,515.0,1.0,1.0,25.0,2.0,0.0,2.7533834408968687,0.4182684309780594,3.0,7.678418753668666,0.0
4585,2018,9741,1642,Simone Zaza,a,FW,605.0,1.0,1.0,26.0,3.0,0.0,2.7793241180479527,0.4182684309780594,2.5,7.256240785121918,-0.5
4957,2018,9756,1642,Simone Zaza,h,FW,685.0,1.0,2.0,27.0,3.0,0.0,2.8832078017294407,0.4803258702158924,3.5,7.629949275404215,1.0
5305,2018,9774,1642,Simone Zaza,a,Sub,775.0,1.0,2.0,33.0,3.0,0.0,3.349113527685404,0.6840548440814014,3.5,9.231395427137613,0.0
5763,2018,9781,1642,Simone Zaza,h,FW,808.0,1.0,2.0,33.0,3.0,0.0,3.349113527685404,0.6840548440814014,3.5,9.231395427137613,0.0
5943,2018,9787,1642,Simone Zaza,a,FW,898.0,1.0,2.0,36.0,4.0,0.0,3.526824865490198,0.7055884972214694,3.0,9.286063093692064,-0.5
7045,2018,9828,1642,Simone Zaza,h,Sub,971.0,1.0,2.0,37.0,5.0,0.0,3.547681363299489,0.7055884972214694,2.5,8.848632587119937,-0.5
7335,2018,9840,1642,Simone Zaza,a,FW,1008.0,2.0,3.0,39.0,5.0,0.0,3.6721633914858103,0.7235987763851877,6.5,9.240088950842619,4.0
7570,2018,9855,1642,Simone Zaza,h,FW,1094.0,2.0,3.0,41.0,6.0,0.0,3.7657099533826113,0.8243845086544748,6.0,9.121514368802309,-0.5
7922,2018,9859,1642,Simone Zaza,a,Sub,1184.0,2.0,3.0,44.0,6.0,0.0,3.8688722047954798,0.8243845086544748,6.0,9.431001123040915,0.0
8338,2018,9883,1642,Simone Zaza,a,Sub,1220.0,2.0,3.0,46.0,7.0,0.0,3.961322532966733,0.8243845086544748,5.5,9.208352107554674,-0.5
8685,2018,9896,1642,Simone Zaza,h,FW,1244.0,2.0,3.0,46.0,8.0,0.0,3.961322532966733,0.8243845086544748,5.0,8.708352107554674,-0.5
9481,2018,9922,1642,Simone Zaza,a,Sub,1320.0,3.0,3.0,47.0,8.0,1.0,4.652988659217954,0.8243845086544748,7.5,10.283350486308336,2.5
9830,2018,9927,1642,Simone Zaza,h,Sub,1321.0,3.0,3.0,47.0,8.0,1.0,4.652988659217954,0.8243845086544748,7.5,10.283350486308336,0.0
10150,2018,9938,1642,Simone Zaza,a,Sub,1360.0,4.0,3.0,53.0,8.0,1.0,6.063971744850278,0.8243845086544748,10.5,14.516299743205309,3.0
10360,2018,9956,1642,Simone Zaza,h,Sub,1382.0,4.0,3.0,55.0,8.0,1.0,6.256083207204938,0.8243845086544748,10.5,15.092634130269289,0.0
