,season,matchId,playerId,player,homeOrAway,position,time,goals,assists,shots,yellowCard,redCard,xG,xA,bonus,xB,lastBonus
274,2018,9588,1129,Suso,a,FWR,0.0,0.0,0.0,0.0,0.0,0.0,0.0,0.0,0.0,0.0,0.0
512,2018,9597,1129,Suso,h,FWR,90.0,0.0,1.0,0.0,1.0,0.0,0.0,0.1396536976099014,0.5,-0.3603463023900985,0.5
1030,2018,9607,1129,Suso,a,FWR,180.0,0.0,1.0,5.0,1.0,0.0,0.1647942066192627,0.1535217305645346,0.5,0.1479043504223228,0.0
1324,2018,9622,1129,Suso,h,FWR,270.0,0.0,1.0,11.0,1.0,0.0,0.3772775679826736,0.2979105403646826,0.5,0.9297432443127036,0.0
1646,2018,9629,1129,Suso,a,FWR,360.0,0.0,3.0,12.0,1.0,0.0,0.4002090599387883,1.3686853339895606,2.5,2.069312513805926,2.0
1898,2018,9639,1129,Suso,a,FWR,450.0,0.0,3.0,18.0,1.0,0.0,0.6516129877418277,1.4423361411318183,2.5,2.897175104357302,0.0
2135,2018,9652,1129,Suso,h,FWR,540.0,2.0,3.0,22.0,1.0,0.0,0.8032128568738697,1.9602350583299994,8.5,3.869873628951609,6.0
2456,2018,9666,1129,Suso,a,FWR,630.0,2.0,6.0,25.0,1.0,0.0,0.9581830855458973,3.7384664406999946,11.5,6.113015697337687,3.0
2691,2018,9672,1129,Suso,h,MR,720.0,2.0,6.0,29.0,2.0,0.0,1.1047861482948063,3.8161657070741057,11.0,6.130524151958525,-0.5
2774,2018,9581,1129,Suso,h,MR,810.0,3.0,7.0,34.0,2.0,0.0,1.2313750889152286,4.8836828684434295,15.0,7.577808135189116,4.0
3067,2018,9686,1129,Suso,a,MR,900.0,4.0,7.0,39.0,2.0,0.0,1.379210641607642,5.294472507201135,18.0,8.432104432024062,3.0
3330,2018,9696,1129,Suso,h,MR,990.0,4.0,8.0,45.0,2.0,0.0,1.6590795721858738,5.378966911695898,19.0,9.35620562825352,1.0
3569,2018,9703,1129,Suso,a,AMC,1080.0,4.0,8.0,46.0,2.0,0.0,1.672228963114321,5.378966911695898,19.0,9.395653801038861,0.0
3716,2018,9711,1129,Suso,h,FWR,1170.0,4.0,8.0,47.0,2.0,0.0,1.6899318089708684,5.4885771265253425,19.0,9.558372553437948,0.0
4157,2018,9719,1129,Suso,h,AMC,1259.0,4.0,8.0,49.0,2.0,0.0,1.7365888310596345,5.700523494742811,19.0,9.910289987921715,0.0
4442,2018,9729,1129,Suso,a,MR,1349.0,4.0,8.0,52.0,2.0,0.0,1.8711760593578217,5.746496899984777,19.0,10.360025078058243,0.0
4487,2018,9738,1129,Suso,h,FWR,1434.0,4.0,8.0,54.0,2.0,0.0,1.9073850614950059,5.907925664447248,19.0,10.630080848932266,0.0
5260,2018,9762,1129,Suso,h,FWR,1524.0,4.0,8.0,56.0,3.0,0.0,1.9851481420919297,6.052360444329679,18.5,10.507804870605469,-0.5
5523,2018,9770,1129,Suso,a,FWR,1614.0,4.0,8.0,58.0,3.0,1.0,2.0170436641201372,6.555503218434751,18.0,10.606634210795164,-0.5
5621,2018,9777,1129,Suso,h,FWR,1703.0,5.0,8.0,61.0,3.0,1.0,2.1923700263723727,6.555503218434751,21.0,11.13261329755187,3.0
6052,2018,9796,1129,Suso,a,FWR,1793.0,5.0,8.0,63.0,3.0,1.0,2.225810441188514,6.631205379031599,21.0,11.308636702597141,0.0
6371,2018,9802,1129,Suso,h,FWR,1881.0,5.0,8.0,66.0,4.0,1.0,2.285906529985368,6.686181030236185,20.5,11.04390062019229,-0.5
6469,2018,9807,1129,Suso,a,FWR,1971.0,5.0,8.0,68.0,4.0,1.0,2.7805796926841135,6.905449680052698,20.5,12.74718875810504,0.0
6985,2018,9835,1129,Suso,h,FWR,2049.0,5.0,8.0,68.0,5.0,1.0,2.7805796926841135,7.215863994322717,20.0,12.55760307237506,-0.5
7278,2018,9838,1129,Suso,a,FWR,2139.0,5.0,8.0,70.0,5.0,1.0,2.9160911953076716,7.361460021696985,20.0,13.10973360762,0.0
7737,2018,9856,1129,Suso,h,FWR,2224.0,5.0,8.0,72.0,5.0,1.0,2.9837362607941027,8.264649621210992,20.0,14.215858403593302,0.0
7863,2018,9864,1129,Suso,a,FWR,2314.0,5.0,8.0,72.0,6.0,1.0,2.9837362607941027,8.497742525301874,19.5,13.948951307684183,-0.5
8362,2018,9886,1129,Suso,a,FWR,2379.0,5.0,8.0,75.0,7.0,1.0,3.0902442401275034,8.497742525301874,19.0,13.768475245684385,-0.5
8655,2018,9891,1129,Suso,h,FWR,2459.0,5.0,8.0,76.0,7.0,1.0,3.107978380285203,9.013302139006555,19.0,14.337237279862165,0.0
8921,2018,9904,1129,Suso,a,FWR,2549.0,5.0,8.0,80.0,7.0,1.0,3.2624099617823954,9.070437788031995,19.0,14.857667673379183,0.0
9395,2018,9911,1129,Suso,a,FWR,2639.0,5.0,9.0,83.0,7.0,1.0,3.317564117722213,9.528277873061597,20.0,15.480970226228237,1.0
9714,2018,9924,1129,Suso,h,FWR,2702.0,5.0,9.0,86.0,8.0,1.0,3.3798892712220545,9.528277873061597,19.5,15.167945686727762,-0.5
9812,2018,9933,1129,Suso,a,FWR,2783.0,6.0,9.0,88.0,8.0,1.0,3.518617457710206,9.948184012435377,22.5,16.004036385565996,3.0
10189,2018,9942,1129,Suso,h,FWR,2864.0,6.0,10.0,91.0,8.0,1.0,3.837618834339082,10.23811626341194,23.5,17.250972766429186,1.0
10563,2018,9955,1129,Suso,a,FWR,2954.0,7.0,10.0,93.0,8.0,1.0,3.928483597002923,10.458198039792478,26.5,17.74364883080125,3.0
