,season,matchId,playerId,player,homeOrAway,position,time,goals,assists,shots,yellowCard,redCard,xG,xA,bonus,xB,lastBonus
191,2019,13095,1491,Alejandro Gomez,a,FW,0.0,0.0,0.0,0.0,0.0,0.0,0.0,0.0,0.0,0.0,0.0
427,2019,13104,1491,Alejandro Gomez,h,AMC,90.0,0.0,1.0,4.0,0.0,0.0,0.4373568594455719,0.0703232586383819,1.0,1.3823938369750977,1.0
664,2019,13111,1491,Alejandro Gomez,a,AMC,158.0,0.0,2.0,5.0,0.0,0.0,0.7338087558746338,0.2532350569963454,2.0,2.454661324620247,1.0
1072,2019,13119,1491,Alejandro Gomez,h,Sub,248.0,0.0,2.0,8.0,0.0,0.0,0.8592290431261062,0.34554532915353764,2.0,2.9232324585318565,0.0
1195,2019,13136,1491,Alejandro Gomez,a,FW,279.0,0.0,3.0,11.0,0.0,0.0,0.9074987322092054,0.7154935970902441,3.0,3.437989793717861,1.0
1472,2019,13147,1491,Alejandro Gomez,a,AMC,368.0,0.0,3.0,15.0,0.0,0.0,1.0502867996692655,1.1196335330605505,3.0,4.270493932068348,0.0
1794,2019,13149,1491,Alejandro Gomez,h,AMC,441.0,2.0,3.0,18.0,0.0,0.0,1.626512438058853,1.1196335330605505,9.0,5.99917084723711,6.0
1948,2019,13162,1491,Alejandro Gomez,a,AMC,531.0,3.0,3.0,27.0,0.0,0.0,2.908986359834671,2.3912020698189735,12.0,11.118161149322987,3.0
2354,2019,13169,1491,Alejandro Gomez,h,AMC,621.0,4.0,3.0,30.0,0.0,0.0,3.4815994203090668,2.595585413277149,15.0,13.04038367420435,3.0
2562,2019,13184,1491,Alejandro Gomez,a,AMC,691.0,4.0,5.0,34.0,0.0,0.0,4.021343320608139,3.5881640389561653,17.0,15.652194000780582,2.0
2856,2019,13189,1491,Alejandro Gomez,h,AMC,767.0,4.0,5.0,36.0,0.0,0.0,4.1653933972120285,3.6349585726857185,17.0,16.131138764321804,0.0
3235,2019,13206,1491,Alejandro Gomez,a,FW,813.0,4.0,5.0,37.0,0.0,0.0,4.196477480232716,3.6349585726857185,17.0,16.224391013383865,0.0
3332,2019,13209,1491,Alejandro Gomez,h,FW,903.0,4.0,5.0,37.0,1.0,0.0,4.196477480232716,3.6349585726857185,16.5,15.724391013383865,-0.5
3624,2019,13219,1491,Alejandro Gomez,a,AMC,993.0,4.0,5.0,39.0,1.0,0.0,4.239353876560926,3.9397225752472878,16.5,16.157784204930067,0.0
3915,2019,13229,1491,Alejandro Gomez,h,AMC,1083.0,4.0,5.0,41.0,1.0,0.0,4.371134277433157,4.033968269824982,16.5,16.647371102124453,0.0
4612,2019,13249,1491,Alejandro Gomez,h,AMC,1173.0,4.0,5.0,49.0,1.0,0.0,4.764679338783026,4.185513719916344,16.5,17.97955173626542,0.0
4864,2019,13259,1491,Alejandro Gomez,h,AMC,1261.0,5.0,6.0,51.0,1.0,0.0,4.846443731337786,4.315991967916489,20.5,18.355323161929846,4.0
5071,2019,13272,1491,Alejandro Gomez,a,AMC,1339.0,6.0,7.0,53.0,2.0,0.0,4.955345254391432,4.739721745252609,24.0,18.605757508426905,3.5
5528,2019,13279,1491,Alejandro Gomez,h,AMC,1429.0,6.0,7.0,53.0,2.0,0.0,4.955345254391432,5.203172147274017,24.0,19.069207910448313,0.0
5653,2019,13297,1491,Alejandro Gomez,a,AMC,1488.0,6.0,7.0,54.0,2.0,0.0,5.014399461448193,5.2184394877403975,24.0,19.261637872084975,0.0
5945,2019,13299,1491,Alejandro Gomez,h,AMC,1578.0,6.0,9.0,58.0,2.0,0.0,5.764510802924633,6.029606191441417,26.0,22.323138600215316,2.0
6181,2019,13310,1491,Alejandro Gomez,a,AMC,1668.0,6.0,9.0,61.0,2.0,0.0,5.8908839747309685,6.109569555148482,26.0,22.782221479341388,0.0
6471,2019,13319,1491,Alejandro Gomez,h,AMC,1758.0,6.0,10.0,65.0,2.0,0.0,6.118105880916119,6.169604307040572,27.0,23.523921949788928,1.0
6927,2019,13342,1491,Alejandro Gomez,a,AMC,1846.0,6.0,10.0,67.0,2.0,0.0,6.623686484992504,6.234862608835101,27.0,25.105922063812613,0.0
7195,2019,13329,1491,Alejandro Gomez,h,FW,1916.0,6.0,10.0,69.0,2.0,0.0,7.003084532916546,6.325584819540381,27.0,26.33483841829002,0.0
7502,2019,13349,1491,Alejandro Gomez,h,MC,2006.0,6.0,11.0,70.0,2.0,0.0,7.035537868738174,7.0441490318626165,28.0,27.15076263807714,1.0
7831,2019,13368,1491,Alejandro Gomez,a,AMC,2096.0,6.0,12.0,75.0,2.0,0.0,7.575019091367722,7.284075891599059,29.0,29.009133165702224,1.0
8130,2019,13369,1491,Alejandro Gomez,h,AMC,2176.0,6.0,14.0,78.0,2.0,0.0,7.762719750404358,7.670121556147933,31.0,29.958280807361007,2.0
8463,2019,13386,1491,Alejandro Gomez,a,Sub,2266.0,6.0,15.0,79.0,2.0,0.0,7.77655753493309,8.299503153190017,32.0,30.629175757989287,1.0
8628,2019,13389,1491,Alejandro Gomez,h,AMC,2295.0,6.0,15.0,79.0,2.0,0.0,7.77655753493309,8.466014003381133,32.0,30.795686608180404,0.0
8895,2019,13403,1491,Alejandro Gomez,a,FWL,2385.0,6.0,15.0,79.0,2.0,0.0,7.77655753493309,8.875740056857467,32.0,31.205412661656737,0.0
9451,2019,13428,1491,Alejandro Gomez,a,FWL,2455.0,6.0,16.0,81.0,2.0,0.0,7.848860822618008,8.996077289804816,33.0,31.54265975765884,1.0
9736,2019,13429,1491,Alejandro Gomez,h,FW,2545.0,6.0,16.0,87.0,2.0,0.0,8.083244033157825,9.32509477995336,33.0,32.57482687942684,0.0
10054,2019,13440,1491,Alejandro Gomez,a,MC,2611.0,6.0,16.0,89.0,2.0,0.0,8.203391507267952,9.804304083809257,33.0,33.41447860561311,0.0
10358,2019,13457,1491,Alejandro Gomez,a,FW,2701.0,6.0,16.0,91.0,2.0,0.0,8.286056116223335,9.892837127670646,33.0,33.75100547634065,0.0
10682,2019,13459,1491,Alejandro Gomez,h,AMC,2789.0,7.0,16.0,93.0,2.0,0.0,8.36670657992363,9.955516105517745,36.0,34.055635845288634,3.0
