,season,matchId,playerId,player,homeOrAway,position,time,goals,assists,shots,yellowCard,redCard,xG,xA,bonus,xB,lastBonus
206,2019,13096,1186,Andrea Belotti,h,FW,0.0,0.0,0.0,0.0,0.0,0.0,0.0,0.0,0.0,0.0,0.0
443,2019,13104,1186,Andrea Belotti,a,FW,90.0,0.0,1.0,4.0,0.0,0.0,0.3059151470661163,0.2602616250514984,1.0,1.1780070662498474,1.0
816,2019,13118,1186,Andrea Belotti,h,FW,180.0,0.0,1.0,6.0,0.0,0.0,0.37615248560905445,0.3468284606933593,1.0,1.475285917520523,0.0
1055,2019,13126,1186,Andrea Belotti,a,FW,270.0,1.0,1.0,10.0,0.0,0.0,1.38882777094841,0.3468284606933593,4.0,4.5133117735385895,3.0
1377,2019,13138,1186,Andrea Belotti,h,FW,360.0,1.0,1.0,10.0,0.0,0.0,1.38882777094841,0.4111177697777747,4.0,4.577601082623005,0.0
1670,2019,13145,1186,Andrea Belotti,a,FW,450.0,3.0,1.0,13.0,1.0,0.0,2.320002406835556,0.5242647230625151,9.5,6.984271943569183,5.5
1880,2019,13158,1186,Andrea Belotti,h,FW,540.0,4.0,1.0,15.0,1.0,0.0,3.1222374737262726,0.5242647230625151,12.5,9.390977144241333,3.0
2118,2019,13168,1186,Andrea Belotti,a,FW,630.0,4.0,1.0,16.0,1.0,0.0,3.1986054852604866,0.6021567881107328,12.5,9.697973243892193,0.0
2412,2019,13178,1186,Andrea Belotti,h,FW,720.0,4.0,1.0,19.0,1.0,0.0,3.411642365157604,0.6021567881107328,12.5,10.337083883583546,0.0
2647,2019,13182,1186,Andrea Belotti,a,FW,810.0,4.0,2.0,20.0,1.0,0.0,3.751167230308056,1.372668236494064,13.5,12.126169927418232,1.0
2830,2019,13198,1186,Andrea Belotti,h,FW,900.0,4.0,2.0,24.0,1.0,0.0,4.2346697971224785,1.372668236494064,13.5,13.5766776278615,0.0
3095,2019,13199,1186,Andrea Belotti,a,FW,990.0,4.0,2.0,25.0,2.0,0.0,4.2748143039643764,1.4506255164742468,13.0,13.275068428367376,-0.5
3388,2019,13218,1186,Andrea Belotti,h,FW,1080.0,6.0,2.0,31.0,2.0,0.0,6.216147717088461,1.4690238162875173,19.0,19.1174669675529,6.0
4268,2019,13244,1186,Andrea Belotti,a,Sub,1092.0,6.0,2.0,31.0,2.0,0.0,6.216147717088461,1.4690238162875173,19.0,19.1174669675529,0.0
4586,2019,13257,1186,Andrea Belotti,h,FW,1107.0,6.0,2.0,33.0,2.0,0.0,6.287373039871454,1.4942183550447223,19.0,19.356337474659085,0.0
4824,2019,13267,1186,Andrea Belotti,a,FW,1197.0,6.0,2.0,36.0,2.0,0.0,6.48683312907815,1.4942183550447223,19.0,19.954717742279172,0.0
5168,2019,13277,1186,Andrea Belotti,h,FW,1287.0,8.0,2.0,43.0,2.0,0.0,7.753771219402552,2.499916320666671,25.0,24.761229978874326,6.0
5321,2019,13288,1186,Andrea Belotti,a,FW,1377.0,8.0,3.0,46.0,2.0,0.0,7.924043986946344,2.701810186728835,26.0,25.47394214756787,1.0
5641,2019,13297,1186,Andrea Belotti,h,FW,1467.0,8.0,3.0,50.0,2.0,0.0,8.376475188881159,3.2215626295655966,26.0,27.350988196209073,0.0
6044,2019,13304,1186,Andrea Belotti,a,FW,1557.0,8.0,3.0,54.0,2.0,0.0,8.607988391071558,3.2215626295655966,26.0,28.04552780278027,0.0
6196,2019,13317,1186,Andrea Belotti,h,FW,1647.0,8.0,3.0,57.0,2.0,0.0,8.97525629773736,3.3886024560779333,26.0,29.314371349290013,0.0
6681,2019,13325,1186,Andrea Belotti,a,FW,1737.0,8.0,3.0,59.0,3.0,0.0,9.088180858641863,3.3886024560779333,25.5,29.153145032003522,-0.5
6901,2019,13344,1186,Andrea Belotti,a,FW,1827.0,8.0,3.0,60.0,3.0,0.0,9.100067566148937,3.3886024560779333,25.5,29.188805154524744,0.0
7137,2019,13337,1186,Andrea Belotti,h,FW,1917.0,8.0,3.0,61.0,3.0,0.0,9.143666497431695,3.3886024560779333,25.5,29.31960194837302,0.0
7445,2019,13357,1186,Andrea Belotti,h,FW,2007.0,8.0,3.0,66.0,3.0,0.0,10.066495827399194,3.6409519519656897,25.5,32.34043943416327,0.0
7645,2019,13360,1186,Andrea Belotti,a,FW,2097.0,9.0,3.0,70.0,3.0,0.0,10.997590533457696,3.6409519519656897,28.5,35.13372355233878,3.0
7880,2019,13374,1186,Andrea Belotti,h,FW,2187.0,10.0,3.0,74.0,3.0,0.0,11.464264771901071,3.6956937070935965,31.5,36.58848802279681,3.0
8210,2019,13388,1186,Andrea Belotti,a,FW,2277.0,11.0,3.0,76.0,3.0,0.0,12.253787658177316,3.6956937070935965,34.5,38.957056681625545,3.0
8723,2019,13397,1186,Andrea Belotti,h,FW,2367.0,12.0,3.0,78.0,3.0,0.0,13.082971117459238,3.821350147947669,37.5,41.57026350032538,3.0
9107,2019,13404,1186,Andrea Belotti,a,FW,2457.0,13.0,3.0,85.0,3.0,0.0,14.023055813275278,3.8739168625324965,40.5,44.44308430235833,3.0
9373,2019,13411,1186,Andrea Belotti,h,FW,2547.0,14.0,3.0,90.0,3.0,0.0,15.174659273587167,3.9832869227975607,43.5,48.00726474355906,3.0
9599,2019,13421,1186,Andrea Belotti,a,FW,2637.0,15.0,4.0,92.0,3.0,0.0,15.278200476430357,4.1631981786340475,47.5,48.49779960792512,4.0
9956,2019,13437,1186,Andrea Belotti,h,FW,2727.0,15.0,4.0,95.0,3.0,0.0,15.406494080089033,4.1631981786340475,47.5,48.882680418901145,0.0
10240,2019,13445,1186,Andrea Belotti,a,FW,2817.0,15.0,4.0,99.0,3.0,0.0,16.099860965274274,4.306586002930999,47.5,51.10616889875382,0.0
10626,2019,13454,1186,Andrea Belotti,h,Sub,2907.0,15.0,4.0,102.0,4.0,0.0,16.672138809226453,4.426713613793254,47.0,52.443130041472614,-0.5
10891,2019,13463,1186,Andrea Belotti,a,FW,2920.0,15.0,4.0,102.0,4.0,0.0,16.672138809226453,4.426713613793254,47.0,52.443130041472614,0.0
