,season,matchId,playerId,player,homeOrAway,position,time,goals,assists,shots,yellowCard,redCard,xG,xA,bonus,xB,lastBonus
806,2019,13112,1852,Ante Rebic,a,Sub,0.0,0.0,0.0,0.0,0.0,0.0,0.0,0.0,0.0,0.0,0.0
930,2019,13125,1852,Ante Rebic,h,Sub,44.0,0.0,0.0,0.0,1.0,0.0,0.0,0.0,-0.5,-0.5,-0.5
1392,2019,13138,1852,Ante Rebic,a,Sub,49.0,0.0,0.0,0.0,2.0,0.0,0.0,0.2586281597614288,-1.0,-0.7413718402385712,-0.5
2161,2019,13163,1852,Ante Rebic,h,Sub,59.0,0.0,0.0,0.0,2.0,0.0,0.0,0.2586281597614288,-1.0,-0.7413718402385712,0.0
3000,2019,13195,1852,Ante Rebic,h,Sub,69.0,0.0,0.0,1.0,2.0,0.0,0.1176452115178108,0.2586281597614288,-1.0,-0.38843620568513876,0.0
3320,2019,13202,1852,Ante Rebic,a,Sub,124.0,0.0,0.0,2.0,2.0,0.0,0.1643604598939418,0.3014170676469802,-1.0,-0.20550155267119416,0.0
3358,2019,13213,1852,Ante Rebic,h,FWR,129.0,0.0,0.0,2.0,2.0,0.0,0.1643604598939418,0.3014170676469802,-1.0,-0.20550155267119416,0.0
5021,2019,13269,1852,Ante Rebic,a,Sub,176.0,0.0,0.0,3.0,2.0,0.0,0.4370673559606074,0.3422586582601069,-1.0,0.6534607261419295,0.0
5364,2019,13286,1852,Ante Rebic,h,Sub,177.0,0.0,0.0,3.0,2.0,0.0,0.4370673559606074,0.3422586582601069,-1.0,0.6534607261419295,0.0
5574,2019,13289,1852,Ante Rebic,a,Sub,221.0,2.0,0.0,7.0,2.0,0.0,1.242988970130682,0.5219416432082651,5.0,3.2509085536003113,6.0
6003,2019,13305,1852,Ante Rebic,h,FW,252.0,3.0,0.0,8.0,2.0,0.0,1.8302601240575314,0.5219416432082651,8.0,5.012722015380859,3.0
6402,2019,13312,1852,Ante Rebic,a,ML,342.0,3.0,0.0,10.0,2.0,0.0,2.046038445085287,0.6256028078496454,8.0,5.763718143105507,0.0
6666,2019,13325,1852,Ante Rebic,h,AML,427.0,4.0,0.0,15.0,2.0,0.0,2.8951218090951443,0.6557334735989568,11.0,8.34109890088439,3.0
6789,2019,13332,1852,Ante Rebic,a,AML,517.0,5.0,0.0,17.0,2.0,0.0,3.0363027714192867,0.7008002810180184,14.0,8.809708595275879,3.0
6998,2019,13343,1852,Ante Rebic,h,AML,607.0,6.0,0.0,20.0,2.0,0.0,3.521775897592306,0.7453180439770218,17.0,10.31064573675394,3.0
7303,2019,13354,1852,Ante Rebic,a,FW,665.0,6.0,0.0,23.0,2.0,0.0,3.6761862002313137,0.821400079876184,17.0,10.849958680570126,0.0
7693,2019,13363,1852,Ante Rebic,h,FW,737.0,7.0,0.0,24.0,2.0,0.0,4.092352535575628,0.8344449643045659,20.0,12.111502571031451,3.0
8085,2019,13375,1852,Ante Rebic,a,FW,817.0,8.0,0.0,26.0,3.0,0.0,5.18667271360755,0.911382662132382,22.5,14.971400802955031,2.5
8271,2019,13379,1852,Ante Rebic,a,Sub,888.0,8.0,0.0,29.0,3.0,0.0,5.291191149502993,0.911382662132382,22.5,15.28495611064136,0.0
8535,2019,13394,1852,Ante Rebic,h,FW,930.0,9.0,0.0,30.0,3.0,0.0,5.7784680016338825,1.273448662832379,25.5,17.108852667734027,3.0
9076,2019,13401,1852,Ante Rebic,a,AML,1014.0,10.0,1.0,33.0,4.0,0.0,6.589054454118013,1.4266792256385084,29.0,19.19384258799255,3.5
9183,2019,13416,1852,Ante Rebic,h,Sub,1104.0,10.0,2.0,34.0,4.0,0.0,6.611089451238513,1.9109228570014234,30.0,19.744191210716963,1.0
9495,2019,13424,1852,Ante Rebic,h,AML,1128.0,10.0,2.0,35.0,4.0,0.0,6.749028785154223,1.9109228570014234,30.0,20.158009212464094,0.0
9783,2019,13435,1852,Ante Rebic,a,AML,1213.0,11.0,2.0,38.0,4.0,0.0,7.017015440389514,3.0262237507849923,33.0,22.077270071953535,3.0
10042,2019,13440,1852,Ante Rebic,h,AML,1303.0,11.0,2.0,39.0,4.0,0.0,7.045363137498498,3.047869021072983,33.0,22.183958433568478,0.0
10514,2019,13456,1852,Ante Rebic,a,AML,1365.0,11.0,2.0,40.0,4.0,0.0,7.08460926823318,3.047869021072983,33.0,22.301696825772524,0.0
