,season,matchId,playerId,player,homeOrAway,position,time,goals,assists,shots,yellowCard,redCard,xG,xA,bonus,xB,lastBonus
255,2019,13098,1517,Antonio Candreva,h,DMR,0.0,0.0,0.0,0.0,0.0,0.0,0.0,0.0,0.0,0.0,0.0
464,2019,13105,1517,Antonio Candreva,a,DMR,90.0,1.0,0.0,1.0,0.0,0.0,0.0102651305496692,0.5251752138137817,3.0,0.5559706054627895,3.0
618,2019,13113,1517,Antonio Candreva,h,DMR,172.0,1.0,0.0,1.0,0.0,0.0,0.0102651305496692,0.5251752138137817,3.0,0.5559706054627895,0.0
945,2019,13125,1517,Antonio Candreva,a,Sub,262.0,1.0,0.0,1.0,1.0,0.0,0.0102651305496692,0.6200913339853287,2.5,0.15088672563433653,-0.5
1440,2019,13146,1517,Antonio Candreva,a,DMR,268.0,1.0,0.0,2.0,1.0,0.0,0.15336819365620602,0.6200913339853287,2.5,0.5801959149539471,0.0
2028,2019,13167,1517,Antonio Candreva,a,DMR,328.0,1.0,0.0,2.0,1.0,0.0,0.15336819365620602,0.6200913339853287,2.5,0.5801959149539471,0.0
2266,2019,13174,1517,Antonio Candreva,h,DMR,402.0,1.0,0.0,3.0,1.0,0.0,0.2148126251995562,0.6675399355590342,2.5,0.8119778111577034,0.0
2531,2019,13179,1517,Antonio Candreva,a,DMR,492.0,2.0,1.0,7.0,2.0,0.0,0.3163417838513849,1.8686005882918835,6.0,1.8176259398460388,3.5
2819,2019,13190,1517,Antonio Candreva,a,Sub,582.0,2.0,1.0,8.0,3.0,0.0,0.3352355398237703,2.0240594260394573,5.5,1.529766045510769,-0.5
3112,2019,13201,1517,Antonio Candreva,h,Sub,598.0,2.0,1.0,8.0,3.0,0.0,0.3352355398237703,2.0240594260394573,5.5,1.529766045510769,0.0
3405,2019,13218,1517,Antonio Candreva,a,Sub,624.0,2.0,1.0,11.0,3.0,0.0,0.4571381919085977,2.0240594260394573,5.5,1.8954740017652512,0.0
3717,2019,13224,1517,Antonio Candreva,h,DMR,642.0,2.0,1.0,11.0,3.0,0.0,0.4571381919085977,2.0240594260394573,5.5,1.8954740017652512,0.0
3883,2019,13231,1517,Antonio Candreva,h,DMR,723.0,2.0,2.0,12.0,3.0,0.0,0.49425563588738414,2.41522840783,6.5,2.397995315492153,1.0
4552,2019,13251,1517,Antonio Candreva,h,DMR,769.0,2.0,2.0,12.0,3.0,0.0,0.49425563588738414,2.41522840783,6.5,2.397995315492153,0.0
4984,2019,13266,1517,Antonio Candreva,a,DMR,844.0,2.0,4.0,15.0,3.0,0.0,0.63909513130784,2.757644932717085,8.5,3.174930326640606,2.0
5054,2019,13272,1517,Antonio Candreva,h,DMR,934.0,2.0,4.0,15.0,4.0,0.0,0.63909513130784,2.757644932717085,8.0,2.674930326640606,-0.5
5454,2019,13285,1517,Antonio Candreva,a,DMR,1024.0,2.0,4.0,16.0,4.0,0.0,0.657265298068523,2.9062385968863964,8.0,2.8780344910919666,0.0
6384,2019,13312,1517,Antonio Candreva,h,DMR,1114.0,2.0,4.0,17.0,5.0,0.0,0.6722290990874167,3.0751687102019787,7.5,2.59185600746423,-0.5
6647,2019,13323,1517,Antonio Candreva,a,DMR,1195.0,2.0,5.0,20.0,5.0,0.0,0.7134515931829805,3.2133536599576473,8.5,2.8537084395065904,1.0
7090,2019,13340,1517,Antonio Candreva,a,DMR,1272.0,2.0,5.0,22.0,5.0,0.0,0.7748460425063961,3.2731187865138054,8.5,3.0976569140329957,0.0
7221,2019,13334,1517,Antonio Candreva,h,MR,1346.0,2.0,5.0,25.0,5.0,0.0,0.8192951148375862,3.3892784640192986,8.5,3.347163808532059,0.0
7479,2019,13353,1517,Antonio Candreva,h,Sub,1419.0,2.0,6.0,27.0,5.0,0.0,0.9299313938245171,3.950666479766369,9.5,4.240460661239922,1.0
7859,2019,13365,1517,Antonio Candreva,a,MR,1433.0,2.0,7.0,29.0,5.0,0.0,1.2849026536568993,4.739060275256634,10.5,6.0937682362273335,1.0
7978,2019,13378,1517,Antonio Candreva,h,Sub,1505.0,2.0,7.0,30.0,5.0,0.0,1.3192208027467125,4.971860356628895,10.5,6.429522764869034,0.0
8279,2019,13387,1517,Antonio Candreva,h,MR,1525.0,3.0,7.0,32.0,5.0,0.0,1.4168458497151726,5.00147401727736,13.5,6.75201156642288,3.0
8796,2019,13398,1517,Antonio Candreva,a,MR,1615.0,3.0,7.0,33.0,5.0,0.0,1.4367882600054138,5.114713342860341,13.5,6.9250781228765845,0.0
9093,2019,13404,1517,Antonio Candreva,h,Sub,1705.0,4.0,7.0,37.0,5.0,0.0,1.9386332025751465,5.114713342860341,16.5,8.430612950585783,3.0
9414,2019,13412,1517,Antonio Candreva,a,MR,1723.0,4.0,7.0,39.0,5.0,0.0,2.2702119341120115,5.235438363626599,16.5,9.546074165962636,0.0
9684,2019,13427,1517,Antonio Candreva,a,MR,1803.0,5.0,7.0,41.0,5.0,0.0,2.572624712251126,5.283423328772187,19.5,10.501297465525568,3.0
9826,2019,13430,1517,Antonio Candreva,h,MR,1873.0,5.0,7.0,41.0,5.0,0.0,2.572624712251126,5.283423328772187,19.5,10.501297465525568,0.0
10120,2019,13441,1517,Antonio Candreva,a,Sub,1944.0,5.0,7.0,41.0,5.0,0.0,2.572624712251126,5.283423328772187,19.5,10.501297465525568,0.0
10369,2019,13450,1517,Antonio Candreva,h,MR,1949.0,5.0,7.0,42.0,5.0,0.0,2.593548388220369,5.283423328772187,19.5,10.564068493433297,0.0
