,season,matchId,playerId,player,homeOrAway,position,time,goals,assists,shots,yellowCard,redCard,xG,xA,bonus,xB,lastBonus
122,2019,13093,1253,Edin Dzeko,h,FW,0.0,0.0,0.0,0.0,0.0,0.0,0.0,0.0,0.0,0.0,0.0
387,2019,13102,1253,Edin Dzeko,a,FW,90.0,1.0,1.0,6.0,0.0,0.0,0.7866394519805908,0.4481323063373565,4.0,2.808050662279129,4.0
763,2019,13116,1253,Edin Dzeko,h,FW,180.0,1.0,1.0,6.0,0.0,0.0,0.7866394519805908,0.5021291077136992,4.0,2.862047463655472,0.0
999,2019,13120,1253,Edin Dzeko,a,FW,270.0,2.0,1.0,12.0,0.0,0.0,2.0546008348464966,0.5021291077136992,7.0,6.665931612253189,3.0
1181,2019,13136,1253,Edin Dzeko,h,FW,360.0,3.0,1.0,17.0,1.0,0.0,2.874006927013397,0.5021291077136992,9.5,8.624149888753891,2.5
1558,2019,13142,1253,Edin Dzeko,a,FW,450.0,3.0,1.0,19.0,1.0,0.0,3.233074188232422,0.5021291077136992,9.5,9.701351672410965,0.0
1852,2019,13156,1253,Edin Dzeko,h,FW,540.0,4.0,1.0,22.0,1.0,0.0,4.06366491317749,0.8656226098537443,12.5,12.556617349386215,3.0
2091,2019,13166,1253,Edin Dzeko,a,Sub,630.0,4.0,1.0,27.0,1.0,0.0,4.653469204902649,0.9241754859685894,12.5,14.384583100676537,0.0
2440,2019,13176,1253,Edin Dzeko,h,FW,674.0,4.0,1.0,28.0,1.0,0.0,4.719918467104435,1.0541779845952983,12.5,14.713933385908604,0.0
2732,2019,13188,1253,Edin Dzeko,a,FW,764.0,5.0,1.0,29.0,1.0,0.0,5.03479415923357,1.1128998510539527,15.5,15.717282328754663,3.0
2774,2019,13196,1253,Edin Dzeko,h,FW,854.0,5.0,1.0,32.0,2.0,0.0,5.700944192707539,1.1128998510539527,15.0,17.21573242917657,-0.5
3290,2019,13205,1253,Edin Dzeko,a,FW,944.0,5.0,1.0,32.0,2.0,0.0,5.700944192707539,1.1263295039534564,15.0,17.229162082076073,0.0
3472,2019,13214,1253,Edin Dzeko,h,FW,1034.0,5.0,1.0,34.0,2.0,0.0,5.817539907991886,1.1989735588431354,15.0,17.651593282818794,0.0
3847,2019,13223,1253,Edin Dzeko,a,FW,1124.0,6.0,1.0,40.0,2.0,0.0,6.99216053634882,1.8408968076109882,18.0,21.817378416657448,3.0
3905,2019,13231,1253,Edin Dzeko,a,Sub,1214.0,6.0,1.0,40.0,2.0,0.0,6.99216053634882,1.8762726895511146,18.0,21.852754298597574,0.0
4363,2019,13248,1253,Edin Dzeko,h,FW,1234.0,6.0,1.0,40.0,2.0,0.0,6.99216053634882,1.891816215589642,18.0,21.8682978246361,0.0
4516,2019,13250,1253,Edin Dzeko,a,FW,1324.0,6.0,1.0,43.0,2.0,0.0,7.159236408770084,1.901013295166194,18.0,22.378722521476448,0.0
4810,2019,13267,1253,Edin Dzeko,h,FW,1414.0,7.0,3.0,46.0,2.0,0.0,8.238629080355167,2.1671641869470473,23.0,25.88305142801255,5.0
5223,2019,13275,1253,Edin Dzeko,h,FW,1504.0,7.0,3.0,51.0,2.0,0.0,8.41398761421442,2.341055492870509,23.0,26.58301833551377,0.0
5488,2019,13282,1253,Edin Dzeko,a,FW,1594.0,7.0,3.0,54.0,2.0,0.0,8.568307720124722,2.491053695790469,23.0,27.195976856164634,0.0
5781,2019,13294,1253,Edin Dzeko,h,FW,1684.0,8.0,3.0,60.0,3.0,0.0,10.96596296876669,2.507401865907013,25.5,33.90529077220708,2.5
5905,2019,13307,1253,Edin Dzeko,a,FW,1774.0,9.0,3.0,68.0,4.0,0.0,12.301445327699184,2.7256993027403946,28.0,37.63003528583795,2.5
6141,2019,13315,1253,Edin Dzeko,h,FW,1864.0,10.0,3.0,73.0,4.0,0.0,13.966275416314602,2.813965578563511,31.0,42.71279182750732,3.0
6487,2019,13319,1253,Edin Dzeko,a,FW,1954.0,10.0,3.0,81.0,4.0,0.0,14.782375238835812,2.8524918528273697,31.0,45.199617569334805,0.0
6832,2019,13335,1253,Edin Dzeko,h,FW,2044.0,11.0,3.0,83.0,4.0,0.0,14.860130809247494,2.8524918528273697,34.0,45.43288428056985,3.0
7536,2019,13355,1253,Edin Dzeko,h,FW,2127.0,12.0,4.0,92.0,4.0,0.0,17.12815286964178,3.6969753475859757,38.0,53.08143395651132,4.0
7707,2019,13363,1253,Edin Dzeko,a,FW,2217.0,14.0,4.0,99.0,4.0,0.0,18.33974363654852,3.8496603192761536,44.0,56.86889122892171,6.0
8165,2019,13376,1253,Edin Dzeko,h,Sub,2289.0,14.0,4.0,100.0,4.0,0.0,18.794665209949017,3.8496603192761536,44.0,58.233655949123204,0.0
8490,2019,13380,1253,Edin Dzeko,a,FW,2305.0,14.0,4.0,100.0,4.0,0.0,18.794665209949017,3.8496603192761536,44.0,58.233655949123204,0.0
8693,2019,13395,1253,Edin Dzeko,h,FW,2395.0,14.0,5.0,103.0,4.0,0.0,18.89026441425085,3.8928058231249447,45.0,58.5635990658775,1.0
8865,2019,13407,1253,Edin Dzeko,a,Sub,2485.0,14.0,5.0,106.0,4.0,0.0,19.151674143970013,4.522889682091773,45.0,59.97791211400181,0.0
9309,2019,13415,1253,Edin Dzeko,h,FW,2497.0,14.0,5.0,109.0,4.0,0.0,19.800775341689587,4.522889682091773,45.0,61.92521570716053,0.0
9675,2019,13427,1253,Edin Dzeko,h,FW,2587.0,15.0,5.0,114.0,4.0,0.0,20.266365848481655,4.751130112446845,48.0,63.55022765789181,3.0
10198,2019,13444,1253,Edin Dzeko,h,FW,2677.0,15.0,7.0,114.0,4.0,0.0,20.266365848481655,5.4700197065249085,50.0,64.26911725196987,2.0
10637,2019,13454,1253,Edin Dzeko,a,FW,2767.0,15.0,7.0,121.0,4.0,0.0,20.727726362645626,5.759680756367743,50.0,65.94285984430462,0.0
