,season,matchId,playerId,player,homeOrAway,position,time,goals,assists,shots,yellowCard,redCard,xG,xA,bonus,xB,lastBonus
33,2019,13090,1448,Erick Pulgar,h,MC,0.0,0.0,0.0,0.0,0.0,0.0,0.0,0.0,0.0,0.0,0.0
494,2019,13106,1448,Erick Pulgar,a,MC,90.0,1.0,1.0,1.0,0.0,0.0,0.7612988352775574,0.224868357181549,4.0,2.508764863014221,4.0
564,2019,13110,1448,Erick Pulgar,h,MC,180.0,2.0,1.0,2.0,0.0,0.0,1.5225976705551147,0.4425346851348876,7.0,5.010327696800232,3.0
1081,2019,13119,1448,Erick Pulgar,a,MC,270.0,2.0,1.0,2.0,0.0,0.0,1.5225976705551147,0.6083854436874387,7.0,5.176178455352783,0.0
1206,2019,13130,1448,Erick Pulgar,h,MC,360.0,2.0,1.0,3.0,0.0,0.0,1.6076387837529182,1.0159657597541807,7.0,5.838882111012936,0.0
1640,2019,13143,1448,Erick Pulgar,a,MC,450.0,2.0,1.0,5.0,1.0,0.0,1.7668946608901024,1.0777763426303861,6.5,5.8784603253006935,-0.5
1766,2019,13152,1448,Erick Pulgar,h,MC,540.0,3.0,1.0,9.0,1.0,0.0,2.6465457305312157,1.1910878419876096,9.5,8.630725033581257,3.0
2200,2019,13159,1448,Erick Pulgar,a,MC,630.0,3.0,2.0,9.0,1.0,0.0,2.6465457305312157,1.535107612609863,10.5,8.97474480420351,1.0
2466,2019,13171,1448,Erick Pulgar,h,MC,720.0,3.0,2.0,10.0,2.0,0.0,2.73786398768425,1.8545081019401548,10.0,9.068100064992905,-0.5
2702,2019,13187,1448,Erick Pulgar,a,MC,810.0,3.0,2.0,10.0,3.0,0.0,2.73786398768425,1.9602686837315557,9.5,8.673860646784306,-0.5
2966,2019,13191,1448,Erick Pulgar,h,MC,900.0,3.0,2.0,10.0,3.0,0.0,2.73786398768425,2.1895281448960304,9.5,8.90312010794878,0.0
3177,2019,13200,1448,Erick Pulgar,a,MC,990.0,3.0,2.0,13.0,4.0,0.0,2.837545685470104,2.309382975101471,9.0,8.822020031511784,-0.5
3664,2019,13221,1448,Erick Pulgar,h,MC,1080.0,3.0,2.0,14.0,5.0,0.0,2.8614179491996765,2.309382975101471,8.5,8.3936368227005,-0.5
4094,2019,13237,1448,Erick Pulgar,a,MC,1170.0,3.0,2.0,15.0,5.0,0.0,2.9562717601656914,2.411654658615589,8.5,8.780469939112663,0.0
4388,2019,13242,1448,Erick Pulgar,h,MC,1260.0,3.0,2.0,15.0,5.0,0.0,2.9562717601656914,2.8380815759301186,8.5,9.206896856427193,0.0
4500,2019,13250,1448,Erick Pulgar,h,MC,1350.0,3.0,2.0,17.0,6.0,0.0,3.050895608961582,2.8535177102312446,8.0,9.006204537115991,-0.5
4850,2019,13260,1448,Erick Pulgar,a,MC,1440.0,3.0,2.0,18.0,6.0,0.0,3.1123120225965977,3.3649170389398932,8.0,9.701853106729686,0.0
5113,2019,13270,1448,Erick Pulgar,h,MC,1530.0,3.0,2.0,19.0,7.0,0.0,3.1778577007353306,3.4206690145656466,7.5,9.454242116771638,-0.5
5347,2019,13287,1448,Erick Pulgar,a,MC,1620.0,3.0,3.0,19.0,7.0,0.0,3.1778577007353306,3.5415097353979945,8.5,9.575082837603986,1.0
5611,2019,13290,1448,Erick Pulgar,h,MC,1710.0,3.0,3.0,19.0,7.0,0.0,3.1778577007353306,3.66566442232579,8.5,9.699237524531782,0.0
5929,2019,13302,1448,Erick Pulgar,a,MC,1800.0,3.0,3.0,19.0,7.0,0.0,3.1778577007353306,3.7520925356075168,8.5,9.785665637813509,0.0
6167,2019,13310,1448,Erick Pulgar,h,MC,1890.0,3.0,3.0,20.0,7.0,0.0,3.204572981223464,3.7695864951238036,8.5,9.883305438794196,0.0
6572,2019,13326,1448,Erick Pulgar,a,Sub,1971.0,3.0,3.0,21.0,7.0,0.0,3.287255307659507,3.860236815176904,8.5,10.222002738155425,0.0
6775,2019,13332,1448,Erick Pulgar,h,MC,1990.0,3.0,3.0,21.0,7.0,0.0,3.287255307659507,3.860236815176904,8.5,10.222002738155425,0.0
7070,2019,13348,1448,Erick Pulgar,a,Sub,2080.0,4.0,3.0,23.0,7.0,0.0,4.05799706839025,3.860236815176904,11.5,12.534228020347655,3.0
7254,2019,13351,1448,Erick Pulgar,h,MC,2082.0,4.0,3.0,23.0,7.0,0.0,4.05799706839025,3.860236815176904,11.5,12.534228020347655,0.0
7678,2019,13362,1448,Erick Pulgar,a,Sub,2172.0,4.0,4.0,24.0,7.0,0.0,4.086131228134036,4.785735479556024,12.5,13.544129163958132,1.0
8001,2019,13371,1448,Erick Pulgar,h,MC,2177.0,4.0,4.0,24.0,7.0,0.0,4.086131228134036,4.785735479556024,12.5,13.544129163958132,0.0
8330,2019,13381,1448,Erick Pulgar,a,MC,2267.0,4.0,4.0,24.0,8.0,0.0,4.086131228134036,4.822487543337047,12.0,13.080881227739155,-0.5
8573,2019,13391,1448,Erick Pulgar,h,Sub,2357.0,6.0,4.0,26.0,8.0,0.0,5.608607305213809,5.017146076075733,18.0,17.84296799171716,6.0
8997,2019,13406,1448,Erick Pulgar,h,MC,2383.0,6.0,4.0,26.0,8.0,0.0,5.608607305213809,5.053331892006099,18.0,17.879153807647526,0.0
9355,2019,13417,1448,Erick Pulgar,a,MC,2473.0,6.0,4.0,26.0,9.0,0.0,5.608607305213809,5.22287283372134,17.5,17.548694749362767,-0.5
9580,2019,13421,1448,Erick Pulgar,h,MC,2563.0,6.0,4.0,27.0,9.0,0.0,6.369906140491366,5.331128935329616,17.5,19.940847356803715,0.0
9851,2019,13430,1448,Erick Pulgar,a,Sub,2653.0,6.0,4.0,28.0,9.0,0.0,6.431626154109836,5.369694761000574,17.5,20.16457322333008,0.0
10208,2019,13444,1448,Erick Pulgar,a,MC,2666.0,6.0,4.0,28.0,9.0,0.0,6.431626154109836,5.369694761000574,17.5,20.16457322333008,0.0
10587,2019,13451,1448,Erick Pulgar,h,MC,2756.0,6.0,5.0,28.0,9.0,0.0,6.431626154109836,5.443792319856584,18.5,20.23867078218609,1.0
10825,2019,13460,1448,Erick Pulgar,a,MC,2846.0,6.0,5.0,28.0,9.0,0.0,6.431626154109836,5.477516776882112,18.5,20.27239523921162,0.0
