,season,matchId,playerId,player,homeOrAway,position,time,goals,assists,shots,yellowCard,redCard,xG,xA,bonus,xB,lastBonus
38,2019,13090,1433,Federico Chiesa,h,FWL,0.0,0.0,0.0,0.0,0.0,0.0,0.0,0.0,0.0,0.0,0.0
498,2019,13106,1433,Federico Chiesa,a,FWL,90.0,0.0,0.0,8.0,0.0,0.0,0.2601564526557922,0.1841828525066375,0.0,0.9646522104740144,0.0
568,2019,13110,1433,Federico Chiesa,h,FW,180.0,0.0,0.0,13.0,0.0,0.0,0.795333743095398,0.23266750574111927,0.0,2.6186687350273132,0.0
1082,2019,13119,1433,Federico Chiesa,a,FW,270.0,0.0,0.0,16.0,1.0,0.0,0.8555694147944449,0.5068148076534269,-0.5,2.5735230520367622,-0.5
1209,2019,13130,1433,Federico Chiesa,h,FW,349.0,0.0,1.0,17.0,1.0,0.0,0.8894023075699804,0.8122175037860868,0.5,2.980424426496029,1.0
1641,2019,13143,1433,Federico Chiesa,a,FW,439.0,1.0,1.0,25.0,1.0,0.0,1.6550341621041296,0.8122175037860868,3.5,5.277319990098476,3.0
1767,2019,13152,1433,Federico Chiesa,h,FW,524.0,1.0,2.0,31.0,1.0,0.0,2.6281085982918735,0.9489309936761853,4.5,8.333256788551807,1.0
2201,2019,13159,1433,Federico Chiesa,a,FW,614.0,1.0,2.0,36.0,1.0,0.0,3.1905507221817966,1.0779826343059535,4.5,10.149634800851345,0.0
2467,2019,13171,1433,Federico Chiesa,h,FW,684.0,1.0,2.0,37.0,2.0,0.0,3.2147803772240873,1.203822165727615,4.0,9.848163297399879,-0.5
2703,2019,13187,1433,Federico Chiesa,a,FW,774.0,2.0,2.0,40.0,2.0,0.0,3.430866809561848,1.203822165727615,7.0,10.496422594413161,3.0
2970,2019,13191,1433,Federico Chiesa,h,FWL,864.0,2.0,2.0,45.0,2.0,0.0,3.6600496340543027,1.203822165727615,7.0,11.183971067890525,0.0
3179,2019,13200,1433,Federico Chiesa,a,FW,954.0,2.0,2.0,48.0,2.0,0.0,3.852420018985867,1.2204287983477111,7.0,11.777688855305314,0.0
4097,2019,13237,1433,Federico Chiesa,a,ML,1029.0,2.0,2.0,51.0,2.0,0.0,3.9352285284548993,1.2204287983477111,7.0,12.026114383712411,0.0
4389,2019,13242,1433,Federico Chiesa,h,FW,1119.0,2.0,3.0,54.0,3.0,0.0,4.389271022751927,1.9895910955965515,7.5,13.657404163852334,0.5
4852,2019,13260,1433,Federico Chiesa,a,FW,1181.0,2.0,3.0,54.0,3.0,0.0,4.389271022751927,1.9895910955965515,7.5,13.657404163852334,0.0
5114,2019,13270,1433,Federico Chiesa,h,FW,1271.0,2.0,3.0,56.0,3.0,0.0,4.51840159483254,2.0962994731962676,7.5,14.151504257693887,0.0
5349,2019,13287,1433,Federico Chiesa,a,FW,1348.0,2.0,3.0,57.0,3.0,0.0,5.0729304272681475,2.0962994731962676,7.5,15.81509075500071,0.0
5612,2019,13290,1433,Federico Chiesa,h,FW,1428.0,3.0,3.0,60.0,3.0,0.0,5.539402337744832,2.0962994731962676,10.5,17.214506486430764,3.0
5933,2019,13302,1433,Federico Chiesa,a,FW,1518.0,3.0,3.0,64.0,3.0,0.0,5.763687701895833,2.1546498909592624,10.5,17.945712996646762,0.0
6169,2019,13310,1433,Federico Chiesa,h,FW,1608.0,3.0,3.0,67.0,4.0,0.0,6.474241646006703,2.181365171447396,10.0,19.604090109467506,-0.5
6569,2019,13326,1433,Federico Chiesa,a,FW,1698.0,4.0,3.0,71.0,4.0,0.0,6.586504640057683,2.2661804202944036,13.0,20.025694340467453,3.0
6777,2019,13332,1433,Federico Chiesa,h,FW,1783.0,6.0,3.0,76.0,4.0,0.0,7.965089263394475,2.3126359898596998,19.0,24.207903780043125,6.0
7069,2019,13348,1433,Federico Chiesa,a,FW,1873.0,6.0,3.0,79.0,4.0,0.0,8.085737207904458,2.4737708587199445,19.0,24.73098248243332,0.0
7256,2019,13351,1433,Federico Chiesa,h,FWR,1963.0,6.0,3.0,81.0,4.0,0.0,8.153396064415574,2.5113228689879175,19.0,24.97151106223464,0.0
8004,2019,13371,1433,Federico Chiesa,h,FW,2053.0,6.0,3.0,86.0,5.0,0.0,9.105857366696,2.678764788433909,18.5,27.49633688852191,-0.5
8334,2019,13381,1433,Federico Chiesa,a,Sub,2143.0,6.0,3.0,89.0,5.0,0.0,9.501702452078462,2.678764788433909,18.5,28.683872144669294,0.0
8566,2019,13391,1433,Federico Chiesa,h,FWR,2160.0,6.0,3.0,91.0,5.0,0.0,9.759255791082978,3.492954103276133,18.5,30.27072147652507,0.0
9002,2019,13406,1433,Federico Chiesa,h,Sub,2210.0,6.0,3.0,92.0,6.0,0.0,9.776206273585558,3.5378362145274873,18.0,29.86645503528416,-0.5
9351,2019,13417,1433,Federico Chiesa,a,DMR,2252.0,6.0,4.0,93.0,6.0,0.0,9.813373778015375,4.049223562702537,19.0,30.489344896748662,1.0
9578,2019,13421,1433,Federico Chiesa,h,DMR,2318.0,7.0,5.0,95.0,6.0,0.0,10.272143248468637,4.619572242721915,23.0,32.43600198812783,4.0
9853,2019,13430,1433,Federico Chiesa,a,Sub,2390.0,7.0,5.0,98.0,6.0,0.0,10.42363241687417,4.619572242721915,23.0,32.890469493344426,0.0
10206,2019,13444,1433,Federico Chiesa,a,DMR,2403.0,7.0,5.0,99.0,6.0,0.0,10.559524182230234,4.7508014645427465,23.0,33.42937401123345,0.0
10590,2019,13451,1433,Federico Chiesa,h,FWL,2488.0,7.0,5.0,100.0,6.0,0.0,10.581668330356479,5.1684591975063086,23.0,33.913464188575745,0.0
10827,2019,13460,1433,Federico Chiesa,a,FW,2578.0,10.0,5.0,107.0,6.0,0.0,12.120004964992404,5.283976262435317,32.0,38.64399115741253,9.0
