,season,matchId,playerId,player,homeOrAway,position,time,goals,assists,shots,yellowCard,redCard,xG,xA,bonus,xB,lastBonus
749,2019,13117,2116,Felipe Caicedo,a,FW,0.0,0.0,0.0,0.0,0.0,0.0,0.0,0.0,0.0,0.0,0.0
1100,2019,13123,2116,Felipe Caicedo,h,Sub,75.0,0.0,0.0,2.0,0.0,0.0,0.1466264128684997,0.0,0.0,0.4398792386054992,0.0
1279,2019,13133,2116,Felipe Caicedo,a,FW,102.0,0.0,0.0,3.0,0.0,0.0,0.2672339230775832,0.1261633336544037,0.0,0.9278651028871535,0.0
1519,2019,13141,2116,Felipe Caicedo,h,Sub,156.0,0.0,0.0,3.0,0.0,0.0,0.2672339230775832,0.6735050976276398,0.0,1.4752068668603897,0.0
1939,2019,13162,2116,Felipe Caicedo,h,Sub,193.0,1.0,0.0,4.0,1.0,0.0,0.7457806915044782,0.6735050976276398,2.5,2.410847172141075,2.5
2485,2019,13171,2116,Felipe Caicedo,a,Sub,203.0,1.0,0.0,4.0,1.0,0.0,0.7457806915044782,0.6735050976276398,2.5,2.410847172141075,0.0
2634,2019,13182,2116,Felipe Caicedo,h,FW,211.0,1.0,0.0,5.0,1.0,0.0,1.5070795267820356,0.6735050976276398,2.5,4.694743677973747,0.0
3013,2019,13195,2116,Felipe Caicedo,a,Sub,283.0,1.0,0.0,7.0,1.0,0.0,1.7072199583053587,0.6735050976276398,2.5,5.295164972543716,0.0
3515,2019,13216,2116,Felipe Caicedo,a,Sub,305.0,1.0,0.0,7.0,1.0,0.0,1.7072199583053587,0.6735050976276398,2.5,5.295164972543716,0.0
3975,2019,13232,2116,Felipe Caicedo,h,Sub,315.0,2.0,0.0,8.0,1.0,0.0,1.8116733804345129,0.7589533627033234,5.5,5.693973504006863,3.0
4434,2019,13241,2116,Felipe Caicedo,a,Sub,316.0,3.0,0.0,9.0,2.0,0.0,2.3009985759854317,0.7589533627033234,8.0,6.661949090659618,2.5
4740,2019,13261,2116,Felipe Caicedo,a,FW,325.0,4.0,0.0,10.0,3.0,0.0,2.899767942726612,0.7589533627033234,10.5,7.95825719088316,2.5
5032,2019,13273,2116,Felipe Caicedo,h,FW,415.0,4.0,1.0,13.0,3.0,0.0,3.1629304364323616,0.9989943653345108,11.5,8.987785674631596,1.0
5279,2019,13284,2116,Felipe Caicedo,h,FW,481.0,4.0,1.0,15.0,3.0,0.0,3.2945273146033287,1.4549631625413895,11.5,9.838545106351376,0.0
5797,2019,13294,2116,Felipe Caicedo,a,Sub,539.0,5.0,1.0,16.0,3.0,0.0,4.026559792459011,1.4549631625413895,14.5,12.034642539918423,3.0
5975,2019,13303,2116,Felipe Caicedo,h,FW,553.0,5.0,1.0,16.0,3.0,0.0,4.026559792459011,1.4549631625413895,14.5,12.034642539918423,0.0
6114,2019,13252,2116,Felipe Caicedo,h,FW,604.0,7.0,1.0,19.0,3.0,0.0,4.6077603325247765,1.5262267142534256,20.5,13.849507711827755,6.0
6376,2019,13314,2116,Felipe Caicedo,a,FW,689.0,7.0,1.0,21.0,3.0,0.0,4.703107610344887,1.9588543325662613,20.5,14.568177163600922,0.0
6639,2019,13323,2116,Felipe Caicedo,h,FW,753.0,8.0,1.0,24.0,4.0,0.0,5.319119349122047,1.9588543325662613,23.0,15.916212379932404,2.5
6818,2019,13333,2116,Felipe Caicedo,a,FW,817.0,8.0,1.0,24.0,4.0,0.0,5.319119349122047,1.9588543325662613,23.0,15.916212379932404,0.0
6863,2019,13341,2116,Felipe Caicedo,h,Sub,871.0,8.0,2.0,25.0,4.0,0.0,5.451890289783478,2.3763017803430557,24.0,16.73197264969349,1.0
7523,2019,13349,2116,Felipe Caicedo,a,Sub,876.0,8.0,2.0,25.0,4.0,0.0,5.451890289783478,2.3763017803430557,24.0,16.73197264969349,0.0
7661,2019,13362,2116,Felipe Caicedo,h,FW,911.0,8.0,2.0,25.0,4.0,0.0,5.451890289783478,2.3763017803430557,24.0,16.73197264969349,0.0
7896,2019,13374,2116,Felipe Caicedo,a,FW,980.0,8.0,2.0,27.0,4.0,0.0,5.87491250038147,2.40731099806726,24.0,18.03204849921167,0.0
8520,2019,13393,2116,Felipe Caicedo,a,FW,1041.0,8.0,2.0,27.0,5.0,0.0,5.87491250038147,2.421572891063988,23.5,17.546310392208397,-0.5
8815,2019,13402,2116,Felipe Caicedo,h,FW,1131.0,9.0,2.0,28.0,6.0,0.0,6.28203147649765,2.5402431609109044,26.0,18.386337590403855,2.5
9260,2019,13409,2116,Felipe Caicedo,a,FW,1195.0,9.0,2.0,28.0,6.0,0.0,6.28203147649765,2.5402431609109044,26.0,18.386337590403855,0.0
9720,2019,13423,2116,Felipe Caicedo,a,FW,1276.0,9.0,2.0,29.0,7.0,0.0,6.299152282997966,2.6703126998618245,25.5,18.067769548855722,-0.5
10012,2019,13431,2116,Felipe Caicedo,h,FW,1345.0,9.0,2.0,30.0,7.0,0.0,6.388953385874629,2.730444689281285,25.5,18.397304846905172,0.0
10272,2019,13446,2116,Felipe Caicedo,a,Sub,1411.0,9.0,2.0,30.0,7.0,0.0,6.388953385874629,2.8288693176582456,25.5,18.495729475282133,0.0
