,season,matchId,playerId,player,homeOrAway,position,time,goals,assists,shots,yellowCard,redCard,xG,xA,bonus,xB,lastBonus
524,2019,13107,952,Gastón Ramírez,a,FWR,0.0,0.0,0.0,0.0,0.0,0.0,0.0,0.0,0.0,0.0,0.0
1221,2019,13130,952,Gastón Ramírez,a,AMC,63.0,0.0,0.0,0.0,0.0,0.0,0.0,0.0,0.0,0.0,0.0
2664,2019,13186,952,Gastón Ramírez,h,Sub,112.0,0.0,0.0,1.0,0.0,0.0,0.0094301300123333,0.0,0.0,0.0282903900370001,0.0
3040,2019,13197,952,Gastón Ramírez,a,Sub,152.0,1.0,0.0,2.0,0.0,0.0,0.358533372171223,0.0146697321906685,3.0,1.090269848704338,3.0
3223,2019,13206,952,Gastón Ramírez,h,Sub,172.0,1.0,1.0,4.0,0.0,0.0,0.4151592003181575,0.0446255886927246,4.0,1.2901031896471977,1.0
3523,2019,13215,952,Gastón Ramírez,h,MR,189.0,1.0,1.0,4.0,0.0,0.0,0.4151592003181575,0.0446255886927246,4.0,1.2901031896471977,0.0
3873,2019,13220,952,Gastón Ramírez,a,AMC,279.0,2.0,1.0,8.0,1.0,0.0,1.3359302030876277,0.24214486125856619,6.5,3.74993547052145,2.5
4109,2019,13234,952,Gastón Ramírez,h,AMC,359.0,3.0,1.0,10.0,1.0,0.0,1.4863701658323405,0.24214486125856619,9.5,4.2012553587555885,3.0
4236,2019,13243,952,Gastón Ramírez,a,FW,419.0,3.0,1.0,14.0,1.0,0.0,1.5916978837922213,0.3558079907670615,9.5,4.630901642143726,0.0
4445,2019,13255,952,Gastón Ramírez,h,FW,497.0,3.0,1.0,15.0,2.0,0.0,1.6717222901061175,0.3558079907670615,9.0,4.370974861085415,-0.5
4931,2019,13265,952,Gastón Ramírez,a,MR,587.0,3.0,1.0,18.0,3.0,0.0,1.7774204732850192,0.4087975891306994,8.5,4.241059008985758,-0.5
5720,2019,13295,952,Gastón Ramírez,h,MR,616.0,3.0,1.0,19.0,3.0,0.0,1.8215934047475455,0.4087975891306994,8.5,4.373577803373337,0.0
6081,2019,13306,952,Gastón Ramírez,h,MR,678.0,3.0,1.0,19.0,3.0,0.0,1.8215934047475455,0.4386482359841463,8.5,4.403428450226784,0.0
6206,2019,13317,952,Gastón Ramírez,a,MC,746.0,3.0,1.0,20.0,4.0,0.0,2.3329834351316094,0.45458552893251153,8.0,5.45353583432734,-0.5
6553,2019,13326,952,Gastón Ramírez,h,AMC,833.0,5.0,1.0,25.0,4.0,0.0,3.265583992935717,0.512541375122964,14.0,8.309293353930116,6.0
7242,2019,13334,952,Gastón Ramírez,a,FW,904.0,5.0,1.0,26.0,5.0,0.0,3.331517935730517,0.9746326720342037,13.5,8.469186479225755,-0.5
7555,2019,13355,952,Gastón Ramírez,a,Sub,973.0,5.0,1.0,27.0,5.0,0.0,3.40331716183573,1.22618871089071,13.5,8.9361401963979,0.0
7756,2019,13366,952,Gastón Ramírez,h,Sub,992.0,5.0,1.0,27.0,5.0,0.0,3.40331716183573,1.3513895189389582,13.5,9.061341004446149,0.0
8116,2019,13377,952,Gastón Ramírez,a,AMC,1001.0,5.0,1.0,28.0,5.0,0.0,3.490665883757174,1.3513895189389582,13.5,9.32338717021048,0.0
8348,2019,13382,952,Gastón Ramírez,h,AMC,1091.0,7.0,1.0,31.0,5.0,0.0,5.046263546682894,1.417988083325326,19.5,14.05677872337401,6.0
8648,2019,13389,952,Gastón Ramírez,a,Sub,1163.0,7.0,2.0,33.0,5.0,0.0,5.466312141157687,1.7235331153497095,20.5,15.62246953882277,1.0
8955,2019,13399,952,Gastón Ramírez,a,AMC,1171.0,7.0,2.0,33.0,5.0,0.0,5.466312141157687,2.464008829556405,20.5,16.362945253029466,0.0
9543,2019,13426,952,Gastón Ramírez,a,AMC,1215.0,7.0,2.0,34.0,5.0,0.0,5.584793315269053,2.5446605673059817,20.5,16.79904051311314,0.0
9896,2019,13434,952,Gastón Ramírez,h,Sub,1262.0,7.0,2.0,34.0,5.0,0.0,5.584793315269053,2.6008299356326456,20.5,16.855209881439805,0.0
10330,2019,13442,952,Gastón Ramírez,a,FW,1272.0,7.0,2.0,35.0,5.0,0.0,5.6782276118174195,2.6794190099462862,20.5,17.214101845398545,0.0
10498,2019,13456,952,Gastón Ramírez,h,AMC,1362.0,7.0,2.0,39.0,5.0,0.0,5.887282841838896,2.8042319854721423,20.5,17.96608051098883,0.0
