,season,matchId,playerId,player,homeOrAway,position,time,goals,assists,shots,yellowCard,redCard,xG,xA,bonus,xB,lastBonus
260,2019,13098,7006,Lautaro Martínez,h,FW,0.0,0.0,0.0,0.0,0.0,0.0,0.0,0.0,0.0,0.0,0.0
470,2019,13105,7006,Lautaro Martínez,a,FW,78.0,0.0,0.0,8.0,1.0,0.0,0.8717495799064636,0.1519049853086471,-0.5,2.267153725028038,-0.5
627,2019,13113,7006,Lautaro Martínez,h,Sub,159.0,1.0,0.0,11.0,1.0,0.0,0.9915822520852088,0.1519049853086471,2.5,2.626651741564274,3.0
943,2019,13125,7006,Lautaro Martínez,a,FW,181.0,1.0,0.0,13.0,1.0,0.0,1.1586231663823126,0.1519049853086471,2.5,3.1277744844555855,0.0
1266,2019,13133,7006,Lautaro Martínez,h,Sub,259.0,1.0,0.0,15.0,1.0,0.0,1.6144995167851446,0.490023985505104,2.5,4.8335225358605385,0.0
1445,2019,13146,7006,Lautaro Martínez,a,FW,271.0,1.0,0.0,18.0,2.0,0.0,2.010605968534946,0.490023985505104,2.0,5.521841891109943,-0.5
1908,2019,13155,7006,Lautaro Martínez,h,FW,330.0,1.0,1.0,21.0,2.0,0.0,2.5918335095047946,0.5105724465101956,3.0,7.286072975024581,1.0
2034,2019,13167,7006,Lautaro Martínez,a,FW,411.0,2.0,1.0,25.0,2.0,0.0,3.4817104712128635,0.6373353283852337,6.0,10.082466742023826,3.0
2272,2019,13174,7006,Lautaro Martínez,h,FW,484.0,4.0,1.0,31.0,2.0,0.0,4.941172160208224,0.6373353283852337,12.0,14.46085180900991,6.0
2537,2019,13179,7006,Lautaro Martínez,a,FW,557.0,4.0,1.0,38.0,2.0,0.0,5.5090031400322905,0.7000983413308857,12.0,16.22710776142776,0.0
2816,2019,13190,7006,Lautaro Martínez,a,FW,647.0,5.0,1.0,41.0,2.0,0.0,5.716930143535136,0.7315450962632891,15.0,16.8823355268687,3.0
3109,2019,13201,7006,Lautaro Martínez,h,FW,737.0,5.0,1.0,43.0,2.0,0.0,5.92727256566286,0.9200747217983004,15.0,17.701892418786883,0.0
3402,2019,13218,7006,Lautaro Martínez,a,FW,819.0,5.0,1.0,49.0,3.0,0.0,6.284538395702838,0.9200747217983004,14.5,18.273689908906817,-0.5
3723,2019,13224,7006,Lautaro Martínez,h,FW,891.0,6.0,1.0,53.0,4.0,0.0,6.633965499699115,0.9200747217983004,17.0,18.821971220895648,2.5
3889,2019,13231,7006,Lautaro Martínez,h,FW,981.0,8.0,1.0,59.0,4.0,0.0,7.613675959408282,0.9927293937653299,23.0,21.83375727199018,6.0
4404,2019,13242,7006,Lautaro Martínez,a,FW,1071.0,8.0,1.0,62.0,4.0,0.0,8.16737461835146,0.9927293937653299,23.0,23.49485324881971,0.0
4989,2019,13266,7006,Lautaro Martínez,a,FW,1158.0,8.0,1.0,64.0,5.0,0.0,8.528722532093525,0.9927293937653299,22.5,24.078896990045905,-0.5
5060,2019,13272,7006,Lautaro Martínez,h,FW,1248.0,9.0,1.0,69.0,5.0,0.0,9.384507305920124,1.0118307676166292,25.5,26.665352685377,3.0
5460,2019,13285,7006,Lautaro Martínez,a,FW,1329.0,10.0,1.0,71.0,5.0,0.0,9.823356218636036,1.0118307676166292,28.5,27.981899423524737,3.0
5669,2019,13291,7006,Lautaro Martínez,h,FW,1419.0,10.0,1.0,80.0,5.0,0.0,10.650022692978382,1.4096187856048341,28.5,30.85968686453998,0.0
6653,2019,13323,7006,Lautaro Martínez,a,FW,1509.0,11.0,1.0,85.0,6.0,1.0,11.439987249672413,1.6483573820441957,30.5,32.468319131061435,2.0
7096,2019,13340,7006,Lautaro Martínez,a,FW,1599.0,11.0,1.0,85.0,6.0,1.0,11.439987249672413,1.7027249243110414,30.5,32.52268667332828,0.0
7227,2019,13334,7006,Lautaro Martínez,h,FW,1689.0,11.0,1.0,86.0,6.0,1.0,11.574646882712841,1.7197380065917964,30.5,32.94367865473032,0.0
7475,2019,13353,7006,Lautaro Martínez,h,Sub,1772.0,12.0,1.0,87.0,7.0,1.0,12.136034898459911,1.7906860187649722,33.0,34.19879071414471,2.5
7864,2019,13365,7006,Lautaro Martínez,a,FW,1799.0,12.0,1.0,89.0,7.0,1.0,12.29689186066389,1.9172884896397586,33.0,34.80796407163143,0.0
7973,2019,13378,7006,Lautaro Martínez,h,FW,1889.0,12.0,2.0,96.0,8.0,1.0,12.62544371932745,2.336728252470493,33.5,35.71305941045284,0.5
8285,2019,13387,7006,Lautaro Martínez,h,FW,1960.0,12.0,2.0,100.0,8.0,1.0,13.572766207158566,2.336728252470493,33.5,38.55502687394619,0.0
8804,2019,13398,7006,Lautaro Martínez,a,Sub,2046.0,12.0,2.0,107.0,8.0,1.0,14.682454966008663,2.336728252470493,33.5,41.88409315049648,0.0
9092,2019,13404,7006,Lautaro Martínez,h,FW,2057.0,12.0,2.0,108.0,8.0,1.0,14.757718123495579,2.336728252470493,33.5,42.10988262295723,0.0
9419,2019,13412,7006,Lautaro Martínez,a,FW,2141.0,13.0,3.0,114.0,8.0,1.0,15.007563091814518,2.562380321323871,37.5,43.085069596767426,4.0
9689,2019,13427,7006,Lautaro Martínez,a,FW,2231.0,13.0,3.0,115.0,8.0,1.0,15.030141128227115,3.0515924170613284,37.5,43.64201580174267,0.0
9834,2019,13430,7006,Lautaro Martínez,h,Sub,2301.0,13.0,3.0,116.0,8.0,1.0,15.041050410829484,3.0515924170613284,37.5,43.67474364954978,0.0
10118,2019,13441,7006,Lautaro Martínez,a,FW,2320.0,13.0,3.0,120.0,8.0,1.0,15.391295201145113,3.0515924170613284,37.5,44.725478020496666,0.0
10377,2019,13450,7006,Lautaro Martínez,h,Sub,2385.0,13.0,3.0,121.0,8.0,1.0,15.492189622484148,3.1426601633429523,37.5,45.119229030795395,0.0
10699,2019,13459,7006,Lautaro Martínez,a,FW,2411.0,14.0,3.0,122.0,8.0,1.0,15.51153424847871,3.1426601633429523,40.5,45.177262908779085,3.0
