,season,matchId,playerId,player,homeOrAway,position,time,goals,assists,shots,yellowCard,redCard,xG,xA,bonus,xB,lastBonus
160,2019,13094,1219,Luis Alberto,a,MC,0.0,0.0,0.0,0.0,0.0,0.0,0.0,0.0,0.0,0.0,0.0
371,2019,13102,1219,Luis Alberto,h,MC,90.0,0.0,2.0,1.0,0.0,0.0,0.0387170538306236,0.2136130183935165,2.0,0.3297641798853874,2.0
746,2019,13117,1219,Luis Alberto,a,MC,180.0,1.0,2.0,5.0,0.0,0.0,0.581417940557003,0.3195500373840331,5.0,2.0638038590550423,3.0
1095,2019,13123,1219,Luis Alberto,h,MC,270.0,1.0,2.0,9.0,0.0,0.0,0.8948994502425194,0.4082915410399435,5.0,3.092989891767502,0.0
1277,2019,13133,1219,Luis Alberto,a,MC,360.0,1.0,3.0,12.0,0.0,0.0,0.9717318862676619,0.7345660552382467,6.0,3.649761714041233,1.0
1513,2019,13141,1219,Luis Alberto,h,MC,427.0,1.0,3.0,13.0,1.0,0.0,1.0495530143380163,1.1106872782111166,5.5,3.7593463212251663,-0.5
1835,2019,13150,1219,Luis Alberto,a,MC,517.0,1.0,4.0,17.0,1.0,0.0,1.2937060222029684,1.1957396939396856,6.5,4.576857760548592,1.0
1933,2019,13162,1219,Luis Alberto,h,MC,607.0,1.0,5.0,20.0,1.0,0.0,1.4259038642048834,1.2837465181946752,7.5,5.061458110809326,1.0
2479,2019,13171,1219,Luis Alberto,a,MC,697.0,1.0,5.0,22.0,1.0,0.0,1.462641518563032,1.5762268677353857,7.5,5.464151423424482,0.0
2631,2019,13182,1219,Luis Alberto,h,MC,787.0,1.0,5.0,27.0,2.0,0.0,1.7359651140868662,1.9466346278786657,7.0,6.154529970139265,-0.5
3008,2019,13195,1219,Luis Alberto,a,MC,877.0,1.0,6.0,30.0,2.0,0.0,1.8157920278608797,2.727631665766239,8.0,7.175007749348879,1.0
3190,2019,13203,1219,Luis Alberto,h,MC,967.0,1.0,7.0,31.0,2.0,0.0,1.8607222996652124,3.488951303064823,9.0,8.071118202060461,1.0
3511,2019,13216,1219,Luis Alberto,a,MC,1057.0,1.0,8.0,38.0,2.0,0.0,2.571671362966299,3.7904287055134773,10.0,10.505442794412374,1.0
3748,2019,13226,1219,Luis Alberto,h,MC,1147.0,1.0,9.0,41.0,2.0,0.0,2.699232380837202,4.117909379303455,11.0,11.215606521815062,1.0
3970,2019,13232,1219,Luis Alberto,h,MC,1228.0,2.0,9.0,43.0,2.0,0.0,3.5357442907989025,4.282114319503307,14.0,13.889347191900015,3.0
4430,2019,13241,1219,Luis Alberto,a,MC,1305.0,2.0,11.0,45.0,3.0,0.0,3.625439655035734,4.511306323111057,15.5,13.88762528821826,1.5
5029,2019,13273,1219,Luis Alberto,h,MC,1395.0,3.0,11.0,47.0,4.0,0.0,3.743107881397009,4.92789763957262,18.0,14.157221283763647,2.5
5276,2019,13284,1219,Luis Alberto,h,MC,1485.0,3.0,11.0,50.0,4.0,0.0,3.980178724974394,4.983723945915699,18.0,14.92426012083888,0.0
5792,2019,13294,1219,Luis Alberto,a,MC,1575.0,3.0,11.0,56.0,4.0,0.0,4.4348816983401775,5.566803462803364,18.0,16.871448557823896,0.0
5972,2019,13303,1219,Luis Alberto,h,MC,1646.0,3.0,11.0,57.0,4.0,0.0,4.452324928715825,5.566803462803364,18.0,16.92377824895084,0.0
6111,2019,13252,1219,Luis Alberto,h,MC,1736.0,3.0,11.0,58.0,4.0,0.0,4.470084773376584,6.2548825815320015,18.0,17.665136901661754,0.0
6373,2019,13314,1219,Luis Alberto,a,MC,1826.0,3.0,11.0,64.0,4.0,0.0,4.675953404977918,6.332008481025696,18.0,18.35986869595945,0.0
6636,2019,13323,1219,Luis Alberto,h,MC,1916.0,3.0,11.0,68.0,4.0,0.0,4.885980160906911,6.550470873713493,18.0,19.208411356434226,0.0
6815,2019,13333,1219,Luis Alberto,a,MC,2006.0,3.0,11.0,68.0,4.0,0.0,4.885980160906911,7.029893562197685,18.0,19.687834044918418,0.0
6857,2019,13341,1219,Luis Alberto,h,MC,2096.0,3.0,11.0,69.0,4.0,0.0,4.996421964839101,7.5274768024683,18.0,20.516742696985602,0.0
7517,2019,13349,1219,Luis Alberto,a,MC,2158.0,4.0,12.0,72.0,4.0,0.0,5.206258581951261,7.790338173508644,22.0,21.409113919362426,4.0
7657,2019,13362,1219,Luis Alberto,h,MC,2235.0,4.0,13.0,72.0,4.0,0.0,5.206258581951261,7.899708539247513,23.0,21.518484285101295,1.0
7893,2019,13374,1219,Luis Alberto,a,MC,2325.0,5.0,13.0,76.0,4.0,0.0,5.376906396821141,8.333004415035248,26.0,22.46372360549867,3.0
8252,2019,13379,1219,Luis Alberto,h,FW,2415.0,5.0,14.0,76.0,4.0,0.0,5.376906396821141,8.570829510688782,27.0,22.701548701152205,1.0
8517,2019,13393,1219,Luis Alberto,a,MC,2505.0,5.0,14.0,78.0,4.0,0.0,5.438131319358945,8.570829510688782,27.0,22.885223468765616,0.0
8812,2019,13402,1219,Luis Alberto,h,MC,2595.0,5.0,14.0,81.0,4.0,0.0,5.56590268202126,8.84084540605545,27.0,23.53855345211923,0.0
9259,2019,13409,1219,Luis Alberto,a,MC,2681.0,6.0,14.0,83.0,4.0,0.0,5.823191793635488,8.955194279551506,30.0,24.42476966045797,3.0
10009,2019,13431,1219,Luis Alberto,h,MC,2771.0,6.0,14.0,87.0,5.0,0.0,5.95700235851109,9.100604802370071,29.5,24.471611877903342,-0.5
10265,2019,13446,1219,Luis Alberto,a,MC,2861.0,6.0,15.0,91.0,5.0,0.0,6.061604076996446,9.580594778060913,30.5,25.26540700905025,1.0
10528,2019,13458,1219,Luis Alberto,h,MC,2951.0,6.0,15.0,93.0,5.0,0.0,6.202887395396829,9.67262937873602,30.5,25.781291564926505,0.0
10728,2019,13462,1219,Luis Alberto,a,MC,3041.0,6.0,15.0,99.0,5.0,0.0,7.0257835779339075,10.614959917962551,30.5,29.192310651764274,0.0
