,season,matchId,playerId,player,homeOrAway,position,time,goals,assists,shots,yellowCard,redCard,xG,xA,bonus,xB,lastBonus
194,2019,13095,1229,Luis Muriel,a,Sub,0.0,0.0,0.0,0.0,0.0,0.0,0.0,0.0,0.0,0.0,0.0
430,2019,13104,1229,Luis Muriel,h,Sub,35.0,2.0,0.0,4.0,0.0,0.0,0.4193300902843475,0.2096877098083496,6.0,1.4676779806613922,6.0
667,2019,13111,1229,Luis Muriel,a,Sub,61.0,2.0,0.0,6.0,0.0,0.0,0.5117851048707961,0.2558528557419776,6.0,1.7912081703543663,0.0
1068,2019,13119,1229,Luis Muriel,h,FW,88.0,3.0,0.0,7.0,0.0,0.0,1.2730839401483536,0.560815043747425,9.0,4.380066864192486,3.0
1797,2019,13149,1229,Luis Muriel,h,Sub,147.0,3.0,0.0,11.0,0.0,0.0,1.7214152961969376,0.5840379297733306,9.0,5.748283818364143,0.0
1950,2019,13162,1229,Luis Muriel,a,FW,178.0,3.0,0.0,14.0,0.0,0.0,2.229642704129219,1.0110168159008026,9.0,7.69994492828846,0.0
2356,2019,13169,1229,Luis Muriel,h,FW,245.0,5.0,0.0,19.0,0.0,0.0,2.5854467898607254,1.0110168159008026,15.0,8.767357185482979,6.0
2567,2019,13184,1229,Luis Muriel,a,Sub,335.0,8.0,0.0,23.0,0.0,0.0,5.381870940327644,1.3386684656143188,24.0,17.484281286597252,9.0
2858,2019,13189,1229,Luis Muriel,h,FW,349.0,8.0,0.0,23.0,0.0,0.0,5.381870940327644,1.5104113817214966,24.0,17.65602420270443,0.0
3234,2019,13206,1229,Luis Muriel,a,FW,427.0,8.0,0.0,27.0,0.0,0.0,5.5019204914569855,1.5104113817214966,24.0,18.016172856092453,0.0
3333,2019,13209,1229,Luis Muriel,h,Sub,493.0,8.0,0.0,30.0,0.0,0.0,5.77666249871254,1.5104113817214966,24.0,18.840398877859116,0.0
3626,2019,13219,1229,Luis Muriel,a,FW,524.0,8.0,0.0,32.0,0.0,0.0,5.918762162327766,1.5104113817214966,24.0,19.266697868704796,0.0
3917,2019,13229,1229,Luis Muriel,h,FW,582.0,8.0,0.0,35.0,0.0,0.0,6.12604758143425,1.7596913874149323,24.0,20.137834131717682,0.0
4293,2019,13239,1229,Luis Muriel,a,FW,661.0,9.0,0.0,39.0,0.0,0.0,7.399685472249985,1.8143445514142513,27.0,24.013400968164206,3.0
4617,2019,13249,1229,Luis Muriel,h,Sub,746.0,9.0,0.0,42.0,0.0,0.0,7.454752575606108,1.8914942778646946,27.0,24.255752004683018,0.0
4866,2019,13259,1229,Luis Muriel,h,FW,756.0,10.0,0.0,43.0,0.0,0.0,7.862677466124296,1.8914942778646946,30.0,25.479526676237583,3.0
5075,2019,13272,1229,Luis Muriel,a,Sub,828.0,10.0,0.0,46.0,0.0,0.0,8.004656728357077,1.9998479150235653,30.0,26.013818100094795,0.0
5531,2019,13279,1229,Luis Muriel,h,Sub,847.0,10.0,0.0,49.0,0.0,0.0,8.869455691426992,1.9998479150235653,30.0,28.608214989304543,0.0
5657,2019,13297,1229,Luis Muriel,a,Sub,871.0,10.0,0.0,49.0,0.0,0.0,8.869455691426992,1.9998479150235653,30.0,28.608214989304543,0.0
5950,2019,13299,1229,Luis Muriel,h,Sub,879.0,12.0,0.0,51.0,0.0,0.0,9.725968357175589,2.13744280859828,36.0,31.315347880125046,6.0
6476,2019,13319,1229,Luis Muriel,h,Sub,891.0,12.0,0.0,51.0,0.0,0.0,9.725968357175589,2.810278754681349,36.0,31.988183826208115,0.0
6930,2019,13342,1229,Luis Muriel,a,Sub,893.0,12.0,0.0,52.0,0.0,0.0,9.755963150411844,2.810278754681349,36.0,32.07816820591688,0.0
7198,2019,13329,1229,Luis Muriel,h,Sub,909.0,13.0,0.0,55.0,0.0,0.0,10.792613212019205,2.810278754681349,39.0,35.188118390738964,3.0
7508,2019,13349,1229,Luis Muriel,h,Sub,927.0,13.0,0.0,56.0,1.0,0.0,10.87217028811574,2.810278754681349,38.5,34.92678961902857,-0.5
7836,2019,13368,1229,Luis Muriel,a,Sub,947.0,13.0,0.0,58.0,1.0,0.0,11.133032847195864,3.2065214328467846,38.5,36.105619974434376,0.0
8133,2019,13369,1229,Luis Muriel,h,Sub,985.0,15.0,0.0,63.0,1.0,0.0,11.36433269456029,3.2935625351965427,44.5,36.88656061887741,6.0
8459,2019,13386,1229,Luis Muriel,a,FW,986.0,15.0,0.0,63.0,1.0,0.0,11.36433269456029,3.2935625351965427,44.5,36.88656061887741,0.0
8633,2019,13389,1229,Luis Muriel,h,Sub,1048.0,16.0,0.0,69.0,1.0,0.0,12.627228397876024,3.3540680930018425,47.5,40.735753286629915,3.0
8897,2019,13403,1229,Luis Muriel,a,Sub,1068.0,17.0,0.0,70.0,1.0,0.0,12.662294749170542,3.3540680930018425,50.5,40.84095234051347,3.0
9452,2019,13428,1229,Luis Muriel,a,Sub,1088.0,17.0,1.0,71.0,1.0,0.0,12.696541327983141,3.4354693070054054,51.5,41.02509329095483,1.0
9738,2019,13429,1229,Luis Muriel,h,Sub,1099.0,17.0,1.0,71.0,1.0,0.0,12.696541327983141,3.4354693070054054,51.5,41.02509329095483,0.0
10059,2019,13440,1229,Luis Muriel,a,Sub,1143.0,18.0,1.0,73.0,1.0,0.0,12.84627354517579,3.6643181666731834,54.5,41.703138802200556,3.0
10360,2019,13457,1229,Luis Muriel,a,Sub,1175.0,18.0,1.0,74.0,1.0,0.0,12.875099590048194,3.6643181666731834,54.5,41.789616936817765,0.0
10686,2019,13459,1229,Luis Muriel,h,Sub,1201.0,18.0,1.0,77.0,1.0,0.0,13.168777784332633,4.08091988414526,54.5,43.08725323714316,0.0
