,season,matchId,playerId,player,homeOrAway,position,time,goals,assists,shots,yellowCard,redCard,xG,xA,bonus,xB,lastBonus
190,2019,13095,1134,Mario Pasalic,a,AMC,0.0,0.0,0.0,0.0,0.0,0.0,0.0,0.0,0.0,0.0,0.0
425,2019,13104,1134,Mario Pasalic,h,MC,90.0,0.0,0.0,2.0,0.0,0.0,0.2259812653064727,0.0,0.0,0.6779437959194183,0.0
663,2019,13111,1134,Mario Pasalic,a,MC,154.0,0.0,1.0,2.0,0.0,0.0,0.2259812653064727,0.3996928334236145,1.0,1.0776366293430328,1.0
1065,2019,13119,1134,Mario Pasalic,h,MC,213.0,0.0,1.0,5.0,0.0,0.0,0.8580825030803679,0.5066270157694817,1.0,3.080874525010586,0.0
1198,2019,13136,1134,Mario Pasalic,a,Sub,303.0,0.0,1.0,5.0,1.0,0.0,0.8580825030803679,0.5066270157694817,0.5,2.580874525010586,-0.5
1471,2019,13147,1134,Mario Pasalic,a,MC,304.0,0.0,2.0,6.0,1.0,0.0,0.958415165543556,0.7771891579031944,1.5,3.152434654533863,1.0
1947,2019,13162,1134,Mario Pasalic,a,MC,394.0,0.0,2.0,7.0,1.0,0.0,1.0264247953891752,0.7771891579031944,1.5,3.3564635440707207,0.0
2351,2019,13169,1134,Mario Pasalic,h,MC,455.0,0.0,2.0,10.0,1.0,0.0,1.831675976514816,0.8040279150009155,1.5,5.799055844545364,0.0
2564,2019,13184,1134,Mario Pasalic,a,FW,545.0,1.0,2.0,13.0,1.0,0.0,2.902427047491073,0.8898907527327538,4.5,9.097171895205975,3.0
2853,2019,13189,1134,Mario Pasalic,h,MC,616.0,1.0,2.0,14.0,2.0,0.0,2.991635017096996,0.8898907527327538,4.0,8.864795804023743,-0.5
3230,2019,13206,1134,Mario Pasalic,a,MC,706.0,1.0,2.0,15.0,2.0,0.0,3.011418920010328,0.9770594090223311,4.0,9.011316169053316,0.0
3330,2019,13209,1134,Mario Pasalic,h,AMC,796.0,1.0,2.0,16.0,2.0,0.0,3.062066566199064,0.9770594090223311,4.0,9.163259107619524,0.0
3621,2019,13219,1134,Mario Pasalic,a,MC,886.0,1.0,2.0,21.0,2.0,0.0,3.428540091961622,0.9770594090223311,4.0,10.262679684907198,0.0
3914,2019,13229,1134,Mario Pasalic,h,MC,976.0,3.0,2.0,25.0,2.0,0.0,4.322933357208967,0.9770594090223311,10.0,12.945859480649233,6.0
4291,2019,13239,1134,Mario Pasalic,a,AMC,1066.0,3.0,2.0,26.0,2.0,0.0,4.442607272416353,1.102307468652725,10.0,13.430129285901785,0.0
4611,2019,13249,1134,Mario Pasalic,h,MC,1156.0,3.0,2.0,27.0,3.0,0.0,4.997026432305574,1.2544476985931394,9.5,14.745526995509863,-0.5
5068,2019,13272,1134,Mario Pasalic,a,MC,1246.0,4.0,3.0,29.0,3.0,0.0,5.179549161344767,1.5750505924224851,13.5,15.613698076456785,4.0
5525,2019,13279,1134,Mario Pasalic,h,MC,1317.0,4.0,3.0,30.0,3.0,0.0,5.217541724443436,1.6106443628668783,13.5,15.763269536197186,0.0
5658,2019,13297,1134,Mario Pasalic,a,Sub,1407.0,4.0,3.0,31.0,3.0,0.0,5.731445819139481,1.7333723604679105,13.5,17.427709817886353,0.0
5942,2019,13299,1134,Mario Pasalic,h,MC,1440.0,4.0,3.0,32.0,3.0,0.0,5.856476843357086,1.7333723604679105,13.5,17.80280289053917,0.0
6178,2019,13310,1134,Mario Pasalic,a,MC,1496.0,4.0,3.0,34.0,4.0,0.0,5.926124423742294,1.7516594137996433,13.0,17.530032685026526,-0.5
6474,2019,13319,1134,Mario Pasalic,h,Sub,1562.0,4.0,3.0,37.0,4.0,0.0,6.4131181836128235,1.7841184008866546,13.0,19.023472951725125,0.0
6924,2019,13342,1134,Mario Pasalic,a,MC,1591.0,5.0,3.0,39.0,4.0,0.0,6.4804063737392426,1.8312616068869827,16.0,19.27248072810471,3.0
7193,2019,13329,1134,Mario Pasalic,h,MC,1681.0,5.0,5.0,42.0,4.0,0.0,7.105247586965561,3.577440829947591,18.0,22.893183590844274,2.0
7829,2019,13368,1134,Mario Pasalic,a,MC,1771.0,5.0,5.0,43.0,5.0,0.0,7.644244819879532,4.160990389063954,17.5,24.59372484870255,-0.5
8131,2019,13369,1134,Mario Pasalic,h,AMC,1831.0,5.0,5.0,43.0,5.0,0.0,7.644244819879532,4.160990389063954,17.5,24.59372484870255,0.0
8458,2019,13386,1134,Mario Pasalic,a,AMC,1921.0,6.0,5.0,44.0,5.0,0.0,8.049637705087662,4.160990389063954,20.5,25.80990350432694,3.0
8625,2019,13389,1134,Mario Pasalic,h,MC,1982.0,6.0,5.0,47.0,5.0,0.0,8.414238512516022,4.285226481035352,20.5,27.027942018583417,0.0
8899,2019,13403,1134,Mario Pasalic,a,Sub,2052.0,6.0,5.0,48.0,5.0,0.0,8.42616644129157,4.313954763114452,20.5,27.092454086989164,0.0
9120,2019,13410,1134,Mario Pasalic,h,AMC,2082.0,6.0,5.0,48.0,6.0,0.0,8.42616644129157,4.313954763114452,20.0,26.592454086989164,-0.5
9447,2019,13428,1134,Mario Pasalic,a,MC,2172.0,9.0,5.0,51.0,6.0,0.0,9.204669203609228,4.43893039226532,29.0,29.052938003093004,9.0
9734,2019,13429,1134,Mario Pasalic,h,AMC,2262.0,9.0,5.0,55.0,6.0,0.0,9.813666548579931,4.477062996476889,29.0,30.918062642216682,0.0
10061,2019,13440,1134,Mario Pasalic,a,Sub,2308.0,9.0,5.0,57.0,6.0,0.0,9.94173602387309,4.520805101841688,29.0,31.34601317346096,0.0
10357,2019,13457,1134,Mario Pasalic,a,AMC,2328.0,9.0,5.0,57.0,6.0,0.0,9.94173602387309,4.549631146714091,29.0,31.374839218333364,0.0
10683,2019,13459,1134,Mario Pasalic,h,AMC,2377.0,9.0,5.0,57.0,6.0,0.0,9.94173602387309,4.549631146714091,29.0,31.374839218333364,0.0
