,season,matchId,playerId,player,homeOrAway,position,time,goals,assists,shots,yellowCard,redCard,xG,xA,bonus,xB,lastBonus
1477,2019,13147,6512,Musa Barrow,a,Sub,0.0,0.0,0.0,0.0,0.0,0.0,0.0,0.0,0.0,0.0,0.0
2359,2019,13169,6512,Musa Barrow,h,Sub,14.0,0.0,0.0,1.0,0.0,0.0,0.4000552892684936,0.0,0.0,1.200165867805481,0.0
2861,2019,13189,6512,Musa Barrow,h,Sub,34.0,0.0,0.0,2.0,0.0,0.0,0.48591812700033177,0.0,0.0,1.4577543810009956,0.0
3237,2019,13206,6512,Musa Barrow,a,Sub,46.0,0.0,0.0,5.0,0.0,0.0,0.6155184283852575,0.0,0.0,1.8465552851557732,0.0
3331,2019,13209,6512,Musa Barrow,h,FW,70.0,0.0,0.0,5.0,0.0,0.0,0.6155184283852575,0.0,0.0,1.8465552851557732,0.0
3920,2019,13229,6512,Musa Barrow,h,Sub,129.0,0.0,1.0,8.0,0.0,0.0,1.465245224535465,0.5998352766036987,1.0,4.9955709502100945,1.0
4295,2019,13239,6512,Musa Barrow,a,Sub,140.0,0.0,1.0,9.0,0.0,0.0,1.509344309568405,0.6767227724194527,1.0,5.204755701124668,0.0
5391,2019,13280,6512,Musa Barrow,h,Sub,174.0,0.0,2.0,11.0,0.0,0.0,2.187755912542343,1.0090724006295204,2.0,7.57234013825655,1.0
5602,2019,13296,6512,Musa Barrow,a,Sub,199.0,0.0,2.0,11.0,0.0,0.0,2.187755912542343,1.0090724006295204,2.0,7.57234013825655,0.0
5838,2019,13300,6512,Musa Barrow,h,Sub,228.0,1.0,2.0,13.0,0.0,0.0,2.3523767292499542,1.1130242422223091,5.0,8.170154429972172,3.0
6154,2019,13315,6512,Musa Barrow,a,AML,307.0,1.0,2.0,17.0,0.0,0.0,2.4789049327373505,1.1130242422223091,5.0,8.54973904043436,0.0
6444,2019,13320,6512,Musa Barrow,h,AML,394.0,3.0,3.0,22.0,0.0,0.0,2.8193418085575104,1.5244688466191292,12.0,9.98249427229166,7.0
6721,2019,13330,6512,Musa Barrow,h,AML,484.0,3.0,3.0,26.0,0.0,0.0,2.9447416812181473,1.618996024131775,12.0,10.453221067786217,0.0
6869,2019,13341,6512,Musa Barrow,a,DML,574.0,3.0,3.0,28.0,0.0,0.0,2.997884463518858,1.677662581205368,12.0,10.671315971761942,0.0
7319,2019,13350,6512,Musa Barrow,h,FW,664.0,3.0,3.0,30.0,0.0,0.0,3.0822779648005962,2.4753327667713165,12.0,11.722166661173105,0.0
7773,2019,13366,6512,Musa Barrow,a,Sub,754.0,3.0,3.0,34.0,0.0,0.0,3.3533328287303448,2.5101646035909653,12.0,12.570163089782,0.0
7944,2019,13370,6512,Musa Barrow,h,FWL,789.0,4.0,3.0,37.0,0.0,0.0,4.137647520750761,3.0687121599912643,15.0,15.481654722243547,3.0
8300,2019,13387,6512,Musa Barrow,a,FW,879.0,5.0,3.0,44.0,0.0,0.0,4.575180541723967,3.1526951417326927,18.0,16.878236766904593,3.0
8660,2019,13390,6512,Musa Barrow,h,ML,965.0,6.0,3.0,47.0,0.0,0.0,4.903254430741072,3.2174666672945023,21.0,17.927229959517717,3.0
8985,2019,13400,6512,Musa Barrow,a,FW,1055.0,7.0,3.0,50.0,0.0,0.0,5.071767549961805,3.2174666672945023,24.0,18.43276931717992,3.0
9213,2019,13418,6512,Musa Barrow,h,AML,1145.0,7.0,3.0,52.0,1.0,0.0,5.164496887475252,3.253646332770586,23.5,18.247136995196342,-0.5
9751,2019,13429,6512,Musa Barrow,a,AML,1235.0,8.0,3.0,55.0,1.0,0.0,5.300074744969606,3.3191448487341404,26.5,18.71936908364296,3.0
10166,2019,13439,6512,Musa Barrow,h,AML,1299.0,8.0,3.0,59.0,1.0,0.0,5.53412077203393,3.3191448487341404,26.5,19.42150716483593,0.0
10606,2019,13451,6512,Musa Barrow,a,FW,1389.0,9.0,4.0,69.0,1.0,0.0,7.217216942459345,3.9565382041037083,30.5,25.108189031481743,4.0
10874,2019,13463,6512,Musa Barrow,h,AML,1479.0,9.0,4.0,71.0,1.0,0.0,7.294806230813265,4.190245825797319,30.5,25.574664518237114,0.0
