,season,matchId,playerId,player,homeOrAway,position,time,goals,assists,shots,yellowCard,redCard,xG,xA,bonus,xB,lastBonus
348,2019,13101,1294,Paulo Dybala,h,Sub,0.0,0.0,0.0,0.0,0.0,0.0,0.0,0.0,0.0,0.0,0.0
900,2019,13122,1294,Paulo Dybala,h,FW,11.0,0.0,0.0,1.0,0.0,0.0,0.0462078787386417,0.0,0.0,0.1386236362159252,0.0
1166,2019,13129,1294,Paulo Dybala,a,FW,83.0,0.0,0.0,3.0,0.0,0.0,0.1067346520721912,0.1387466043233871,0.0,0.45895056053996075,0.0
1403,2019,13140,1294,Paulo Dybala,h,FW,165.0,0.0,0.0,7.0,0.0,0.0,0.3675260134041309,0.24218486249446858,0.0,1.3447629027068615,0.0
1922,2019,13155,1294,Paulo Dybala,a,FW,255.0,0.0,1.0,13.0,0.0,0.0,0.7271171994507312,0.6499096304178237,1.0,2.8312612287700176,1.0
1995,2019,13161,1294,Paulo Dybala,h,Sub,329.0,1.0,1.0,18.0,0.0,0.0,1.0441272743046284,0.7119737379252908,4.0,3.844355560839176,3.0
2257,2019,13175,1294,Paulo Dybala,a,FW,337.0,1.0,1.0,18.0,0.0,0.0,1.0441272743046284,0.7119737379252908,4.0,3.844355560839176,0.0
2606,2019,13181,1294,Paulo Dybala,h,FW,427.0,2.0,1.0,24.0,0.0,0.0,2.757563043385744,0.8379753492772577,7.0,9.11066447943449,3.0
2844,2019,13198,1294,Paulo Dybala,a,FW,517.0,2.0,1.0,31.0,0.0,0.0,3.4128108508884907,1.3427139185369013,7.0,11.581146471202374,0.0
3307,2019,13202,1294,Paulo Dybala,h,Sub,579.0,2.0,1.0,34.0,0.0,0.0,3.560471836477518,1.4256396032869814,7.0,12.107055112719536,0.0
3345,2019,13209,1294,Paulo Dybala,a,FW,614.0,3.0,1.0,37.0,0.0,0.0,4.0510516203939915,1.4799112677574155,10.0,13.63306612893939,3.0
3698,2019,13225,1294,Paulo Dybala,h,Sub,704.0,4.0,1.0,39.0,1.0,0.0,4.135412830859423,1.6615447998046873,12.5,13.567783292382956,2.5
3985,2019,13232,1294,Paulo Dybala,a,FW,741.0,4.0,1.0,45.0,1.0,0.0,4.852697748690844,1.7787936478853223,12.5,15.836886893957853,0.0
4305,2019,13245,1294,Paulo Dybala,h,AMC,822.0,4.0,1.0,48.0,2.0,0.0,4.966674093157053,1.7787936478853223,12.0,15.678815927356482,-0.5
4458,2019,13255,1294,Paulo Dybala,a,AMC,897.0,4.0,1.0,53.0,3.0,0.0,5.304677728563547,1.8356184363365171,11.5,16.24965162202716,-0.5
4894,2019,13263,1294,Paulo Dybala,h,FW,977.0,5.0,1.0,54.0,3.0,0.0,5.336444139480591,2.244837313890457,14.5,16.75416973233223,3.0
5237,2019,13275,1294,Paulo Dybala,a,FW,1048.0,5.0,1.0,58.0,3.0,0.0,5.621413558721542,2.244837313890457,14.5,17.609077990055084,0.0
5502,2019,13283,1294,Paulo Dybala,h,FW,1121.0,5.0,1.0,58.0,3.0,0.0,5.621413558721542,2.244837313890457,14.5,17.609077990055084,0.0
5821,2019,13292,1294,Paulo Dybala,a,AMC,1205.0,5.0,2.0,60.0,3.0,0.0,5.6979775950312614,2.6990663707256317,15.5,18.292999155819416,1.0
5922,2019,13302,1294,Paulo Dybala,h,Sub,1278.0,5.0,2.0,60.0,3.0,0.0,5.6979775950312614,2.831386834383011,15.5,18.425319619476795,0.0
6239,2019,13318,1294,Paulo Dybala,a,Sub,1299.0,5.0,3.0,62.0,3.0,0.0,5.850940115749836,3.4581985771656036,16.5,19.51101892441511,1.0
6527,2019,13322,1294,Paulo Dybala,h,FWL,1330.0,5.0,3.0,64.0,4.0,0.0,5.9456963539123535,3.52947586029768,16.0,19.36656492203474,-0.5
6763,2019,13336,1294,Paulo Dybala,a,FW,1420.0,6.0,3.0,72.0,4.0,0.0,7.163729906082153,4.0331253334879875,19.0,23.524315051734447,3.0
7085,2019,13340,1294,Paulo Dybala,h,Sub,1510.0,6.0,4.0,74.0,4.0,0.0,7.235133208334446,4.400433771312237,20.0,24.105833396315575,1.0
7334,2019,13350,1294,Paulo Dybala,a,FW,1541.0,7.0,4.0,75.0,4.0,0.0,7.3947791531682014,4.506715647876263,23.0,24.691053107380867,3.0
7566,2019,13361,1294,Paulo Dybala,h,FW,1622.0,8.0,4.0,79.0,4.0,0.0,7.78769213706255,4.546996835619211,26.0,25.91007324680686,3.0
7927,2019,13372,1294,Paulo Dybala,a,FW,1700.0,9.0,4.0,81.0,4.0,0.0,7.867362335324287,5.013651881366968,29.0,26.61573888733983,3.0
8195,2019,13388,1294,Paulo Dybala,h,FW,1784.0,10.0,5.0,85.0,4.0,0.0,8.071483165025711,5.103700321167707,33.0,27.31814981624484,4.0
8879,2019,13403,1294,Paulo Dybala,h,FW,1869.0,11.0,5.0,87.0,5.0,0.0,8.59890964627266,5.311715986579657,35.5,28.608444925397635,2.5
9294,2019,13413,1294,Paulo Dybala,a,Sub,1940.0,11.0,5.0,89.0,5.0,0.0,8.699628703296185,5.351539108902216,35.5,28.95042521879077,0.0
9705,2019,13423,1294,Paulo Dybala,h,FW,1968.0,11.0,5.0,92.0,5.0,0.0,8.815965883433819,5.6958904303610325,35.5,29.64378808066249,0.0
9997,2019,13438,1294,Paulo Dybala,a,FW,2058.0,11.0,6.0,94.0,5.0,0.0,9.052323676645756,7.084816817194223,36.5,31.74178784713149,1.0
10314,2019,13442,1294,Paulo Dybala,h,FW,2148.0,11.0,6.0,100.0,5.0,0.0,9.310342945158482,7.191221464425325,36.5,32.62225029990077,0.0
