,season,matchId,playerId,player,homeOrAway,position,time,goals,assists,shots,yellowCard,redCard,xG,xA,bonus,xB,lastBonus
105,2019,13092,6160,Riccardo Orsolini,a,AMR,0.0,0.0,0.0,0.0,0.0,0.0,0.0,0.0,0.0,0.0,0.0
287,2019,13099,6160,Riccardo Orsolini,h,FWR,90.0,0.0,0.0,4.0,0.0,0.0,0.4086931645870209,0.4320485889911651,0.0,1.6581280827522278,0.0
690,2019,13109,6160,Riccardo Orsolini,a,AMR,180.0,0.0,1.0,10.0,0.0,0.0,1.1564249694347382,1.7874696552753448,1.0,5.256744563579559,1.0
982,2019,13120,6160,Riccardo Orsolini,h,AMR,270.0,1.0,2.0,12.0,0.0,0.0,1.5643217861652374,2.8125084936618805,5.0,7.505473852157593,4.0
1247,2019,13131,6160,Riccardo Orsolini,a,MR,360.0,1.0,2.0,13.0,0.0,0.0,1.6060724705457687,2.8125084936618805,5.0,7.630725905299187,0.0
1583,2019,13148,6160,Riccardo Orsolini,a,AMR,450.0,1.0,2.0,16.0,0.0,0.0,1.72772017121315,3.093821734189987,5.0,8.276982247829437,0.0
1821,2019,13150,6160,Riccardo Orsolini,h,AMR,505.0,1.0,2.0,20.0,0.0,0.0,1.9704905152320862,3.093821734189987,5.0,9.005293279886246,0.0
2003,2019,13161,6160,Riccardo Orsolini,a,AMR,587.0,1.0,3.0,23.0,0.0,0.0,3.0052279829978943,3.5816779732704163,6.0,12.5973619222641,1.0
2331,2019,13170,6160,Riccardo Orsolini,h,Sub,677.0,1.0,3.0,25.0,0.0,0.0,3.1486915946006775,4.102749049663544,6.0,13.548823833465576,0.0
2589,2019,13180,6160,Riccardo Orsolini,a,AMR,712.0,1.0,3.0,28.0,0.0,0.0,3.432451218366623,4.102749049663544,6.0,14.400102704763412,0.0
2799,2019,13190,6160,Riccardo Orsolini,h,AMR,783.0,1.0,3.0,31.0,1.0,0.0,3.657057523727417,4.1758749559521675,5.5,14.647047527134418,-0.5
3064,2019,13207,6160,Riccardo Orsolini,a,AMR,873.0,1.0,3.0,32.0,1.0,0.0,3.689768511801958,4.238060124218464,5.5,14.807365659624338,0.0
3413,2019,13210,6160,Riccardo Orsolini,h,AMR,963.0,2.0,3.0,35.0,1.0,0.0,3.877739567309618,4.386092729866505,8.5,15.519311431795359,3.0
3815,2019,13227,6160,Riccardo Orsolini,a,MR,1053.0,2.0,4.0,39.0,1.0,0.0,4.055423844605684,4.486601695418358,9.5,16.15287322923541,1.0
4142,2019,13230,6160,Riccardo Orsolini,h,Sub,1099.0,2.0,4.0,39.0,1.0,0.0,4.055423844605684,4.486601695418358,9.5,16.15287322923541,0.0
4276,2019,13239,6160,Riccardo Orsolini,h,AMR,1111.0,2.0,4.0,39.0,1.0,0.0,4.055423844605684,4.601469062268734,9.5,16.267740596085787,0.0
4653,2019,13253,6160,Riccardo Orsolini,a,AMR,1201.0,2.0,4.0,41.0,2.0,0.0,4.155191335827112,4.601469062268734,9.0,16.06704306975007,-0.5
4835,2019,13260,6160,Riccardo Orsolini,h,AMR,1291.0,4.0,4.0,47.0,2.0,0.0,5.558967981487513,5.353531621396542,15.0,21.03043556585908,6.0
5179,2019,13277,6160,Riccardo Orsolini,a,FWR,1381.0,5.0,4.0,48.0,2.0,0.0,5.627355966717005,5.803522877395153,18.0,21.685590777546167,3.0
5388,2019,13280,6160,Riccardo Orsolini,h,FWR,1460.0,5.0,4.0,50.0,2.0,0.0,5.995406482368708,5.844607073813677,18.0,22.8308265209198,0.0
5596,2019,13296,6160,Riccardo Orsolini,a,AMR,1550.0,5.0,4.0,50.0,2.0,0.0,5.995406482368708,6.064307663589716,18.0,23.05052711069584,0.0
5834,2019,13300,6160,Riccardo Orsolini,h,AMR,1623.0,5.0,4.0,51.0,3.0,0.0,6.075152684003115,6.3105143792927265,17.5,23.03597243130207,-0.5
6152,2019,13315,6160,Riccardo Orsolini,a,AMR,1698.0,6.0,4.0,55.0,3.0,0.0,6.367719490081072,6.479934308677912,20.5,24.083092778921127,3.0
6442,2019,13320,6160,Riccardo Orsolini,h,AMR,1782.0,7.0,4.0,57.0,3.0,0.0,6.8999992199242115,6.617159713059664,23.5,25.8171573728323,3.0
6719,2019,13330,6160,Riccardo Orsolini,h,AMR,1845.0,7.0,4.0,58.0,3.0,0.0,6.929456258192658,6.726040963083506,23.5,26.01440973766148,0.0
6873,2019,13341,6160,Riccardo Orsolini,a,AMC,1935.0,7.0,4.0,63.0,3.0,0.0,7.211026692762971,6.864727724343538,23.5,26.99780780263245,0.0
7316,2019,13350,6160,Riccardo Orsolini,h,AMR,1995.0,7.0,4.0,67.0,3.0,0.0,7.5193449798971415,6.864727724343538,23.5,27.922762664034963,0.0
7768,2019,13366,6160,Riccardo Orsolini,a,FWR,2079.0,7.0,4.0,70.0,3.0,0.0,7.614574553444982,6.8786632576957345,23.5,28.22238691803068,0.0
7942,2019,13370,6160,Riccardo Orsolini,h,FWR,2169.0,8.0,4.0,73.0,3.0,0.0,8.389853300526738,6.984890521503985,26.5,30.6544504230842,3.0
8299,2019,13387,6160,Riccardo Orsolini,a,FWR,2259.0,8.0,4.0,74.0,3.0,0.0,8.41333444789052,7.071395837701857,26.5,30.811399181373417,0.0
8657,2019,13390,6160,Riccardo Orsolini,h,MR,2325.0,8.0,4.0,76.0,3.0,0.0,8.720072973519564,7.071395837701857,26.5,31.731614758260548,0.0
8982,2019,13400,6160,Riccardo Orsolini,a,AMR,2401.0,8.0,4.0,77.0,3.0,0.0,8.751631110906601,7.332175278104842,26.5,32.087068610824645,0.0
9218,2019,13418,6160,Riccardo Orsolini,h,Sub,2482.0,8.0,5.0,82.0,3.0,0.0,9.07568871974945,7.355449768714607,27.5,33.08251592796296,1.0
9509,2019,13424,6160,Riccardo Orsolini,a,AMR,2507.0,8.0,5.0,83.0,3.0,0.0,9.107920158654451,7.376641078852117,27.5,33.20040155481547,0.0
9755,2019,13429,6160,Riccardo Orsolini,a,Sub,2585.0,8.0,5.0,85.0,3.0,0.0,9.191234041005373,7.376641078852117,27.5,33.450343201868236,0.0
10171,2019,13439,6160,Riccardo Orsolini,h,Sub,2611.0,8.0,5.0,86.0,3.0,0.0,9.237560197710991,7.376641078852117,27.5,33.58932167198509,0.0
10603,2019,13451,6160,Riccardo Orsolini,a,AMR,2641.0,8.0,6.0,88.0,3.0,0.0,9.338429361581802,7.93598364200443,28.5,34.45127172674984,1.0
