,season,matchId,playerId,player,homeOrAway,position,time,goals,assists,shots,yellowCard,redCard,xG,xA,bonus,xB,lastBonus
162,2019,13094,1543,Sergej Milinkovic-Savic,a,MC,0.0,0.0,0.0,0.0,0.0,0.0,0.0,0.0,0.0,0.0,0.0
370,2019,13102,1543,Sergej Milinkovic-Savic,h,MC,79.0,0.0,0.0,4.0,0.0,0.0,0.0887514278292656,0.3940671682357788,0.0,0.6603214517235756,0.0
752,2019,13117,1543,Sergej Milinkovic-Savic,a,Sub,151.0,0.0,0.0,6.0,0.0,0.0,0.1569419652223587,0.9101542234420776,0.0,1.3809801191091537,0.0
1094,2019,13123,1543,Sergej Milinkovic-Savic,h,MC,166.0,0.0,0.0,6.0,0.0,0.0,0.1569419652223587,0.9101542234420776,0.0,1.3809801191091537,0.0
1276,2019,13133,1543,Sergej Milinkovic-Savic,a,MC,256.0,0.0,1.0,10.0,0.0,0.0,0.3761804699897766,1.2421385943889618,1.0,2.3706800043582916,1.0
1512,2019,13141,1543,Sergej Milinkovic-Savic,h,MC,330.0,0.0,1.0,11.0,0.0,0.0,0.43029533699154854,1.2421385943889618,1.0,2.5330246053636074,0.0
1834,2019,13150,1543,Sergej Milinkovic-Savic,a,MC,405.0,1.0,2.0,13.0,0.0,0.0,0.5102805681526661,1.8560309708118439,5.0,3.386872675269842,4.0
1932,2019,13162,1543,Sergej Milinkovic-Savic,h,MC,495.0,1.0,2.0,16.0,0.0,0.0,0.6313923634588718,1.8560309708118439,5.0,3.7502080611884594,0.0
2478,2019,13171,1543,Sergej Milinkovic-Savic,a,MC,585.0,1.0,2.0,19.0,1.0,0.0,0.7384790368378162,2.1524199843406677,4.5,3.8678570948541164,-0.5
2630,2019,13182,1543,Sergej Milinkovic-Savic,h,MC,642.0,1.0,2.0,19.0,1.0,0.0,0.7384790368378162,2.1524199843406677,4.5,3.8678570948541164,0.0
3007,2019,13195,1543,Sergej Milinkovic-Savic,a,MC,732.0,1.0,3.0,23.0,1.0,0.0,0.9046562351286411,2.332527071237564,5.5,4.5464957766234875,1.0
3189,2019,13203,1543,Sergej Milinkovic-Savic,h,MC,792.0,1.0,3.0,23.0,2.0,0.0,0.9046562351286411,2.332527071237564,5.0,4.0464957766234875,-0.5
3510,2019,13216,1543,Sergej Milinkovic-Savic,a,MC,882.0,2.0,3.0,28.0,2.0,0.0,2.047009889036417,2.332527071237564,8.0,7.473556738346815,3.0
3747,2019,13226,1543,Sergej Milinkovic-Savic,h,MC,972.0,2.0,3.0,29.0,2.0,0.0,2.155713964253664,2.332527071237564,8.0,7.799668963998556,0.0
3969,2019,13232,1543,Sergej Milinkovic-Savic,h,MC,1062.0,2.0,4.0,30.0,2.0,0.0,2.178462950512767,2.8129403591156006,9.0,8.348329210653901,1.0
4428,2019,13241,1543,Sergej Milinkovic-Savic,a,MC,1152.0,3.0,4.0,31.0,2.0,0.0,2.262121243402362,2.8875501081347466,12.0,8.673913838341832,3.0
4737,2019,13261,1543,Sergej Milinkovic-Savic,a,MC,1242.0,3.0,4.0,33.0,2.0,0.0,2.3559746500104666,2.9121836982667446,12.0,8.980107648298144,0.0
5028,2019,13273,1543,Sergej Milinkovic-Savic,h,MC,1332.0,3.0,4.0,36.0,2.0,0.0,2.5406112130731344,3.109087463468313,12.0,9.730921102687716,0.0
5275,2019,13284,1543,Sergej Milinkovic-Savic,h,MC,1422.0,3.0,4.0,39.0,2.0,0.0,2.68104668520391,3.109087463468313,12.0,10.152227519080043,0.0
5791,2019,13294,1543,Sergej Milinkovic-Savic,a,MC,1512.0,3.0,4.0,40.0,2.0,0.0,2.69862294010818,3.109087463468313,12.0,10.204956283792853,0.0
5971,2019,13303,1543,Sergej Milinkovic-Savic,h,MC,1602.0,3.0,4.0,41.0,3.0,0.0,2.7294933330267668,3.1873751915991306,11.5,9.875855190679431,-0.5
6110,2019,13252,1543,Sergej Milinkovic-Savic,h,MC,1692.0,3.0,4.0,42.0,4.0,0.0,2.7631366718560457,3.271288502961397,11.0,9.560698518529534,-0.5
6635,2019,13323,1543,Sergej Milinkovic-Savic,h,MC,1782.0,3.0,4.0,44.0,5.0,0.0,2.8528934959322214,3.2920224126428366,10.5,9.3507029004395,-0.5
6814,2019,13333,1543,Sergej Milinkovic-Savic,a,MC,1872.0,4.0,4.0,47.0,6.0,0.0,3.020495617762208,3.360317489132285,13.0,9.421804342418909,2.5
6856,2019,13341,1543,Sergej Milinkovic-Savic,h,MC,1962.0,4.0,4.0,49.0,6.0,0.0,3.0818958301097155,3.4445843752473593,13.0,9.690271865576506,0.0
7516,2019,13349,1543,Sergej Milinkovic-Savic,a,MC,2052.0,4.0,4.0,51.0,6.0,0.0,3.215438799932599,3.496013594791293,13.0,10.14232999458909,0.0
7658,2019,13362,1543,Sergej Milinkovic-Savic,h,MC,2142.0,5.0,4.0,52.0,7.0,0.0,3.235731428489089,3.5220022927969694,15.5,9.729196578264236,2.5
7895,2019,13374,1543,Sergej Milinkovic-Savic,a,MC,2232.0,5.0,4.0,53.0,8.0,0.0,3.266740646213293,3.5585610922425985,15.0,9.358783030882478,-0.5
8250,2019,13379,1543,Sergej Milinkovic-Savic,h,MC,2322.0,5.0,4.0,57.0,8.0,0.0,3.4742238484323025,3.7180060651153326,15.0,10.14067761041224,0.0
8523,2019,13393,1543,Sergej Milinkovic-Savic,a,Sub,2391.0,5.0,4.0,59.0,8.0,0.0,3.542505446821451,3.7180060651153326,15.0,10.345522405579686,0.0
8814,2019,13402,1543,Sergej Milinkovic-Savic,h,MC,2428.0,5.0,4.0,64.0,8.0,0.0,3.7997144795954227,3.7871011178940535,15.0,11.186244556680322,0.0
9258,2019,13409,1543,Sergej Milinkovic-Savic,a,MC,2498.0,5.0,4.0,65.0,8.0,0.0,3.8769027329981327,3.7871011178940535,15.0,11.417809316888452,0.0
9716,2019,13423,1543,Sergej Milinkovic-Savic,a,MC,2588.0,5.0,4.0,69.0,8.0,0.0,4.109531421214342,3.8226405326277018,15.0,12.151234796270728,0.0
10008,2019,13431,1543,Sergej Milinkovic-Savic,h,MC,2678.0,5.0,4.0,71.0,8.0,0.0,4.229250345379114,3.847773028537631,15.0,12.535524064674973,0.0
10267,2019,13446,1543,Sergej Milinkovic-Savic,a,MC,2768.0,6.0,4.0,74.0,8.0,0.0,4.354382503777742,3.977866990491748,18.0,13.041014501824975,3.0
10527,2019,13458,1543,Sergej Milinkovic-Savic,h,MC,2858.0,7.0,4.0,78.0,8.0,0.0,4.586333576589823,4.0842404421418905,21.0,13.843241171911359,3.0
10730,2019,13462,1543,Sergej Milinkovic-Savic,a,MC,2948.0,7.0,4.0,84.0,8.0,0.0,5.248874668031931,4.507817631587386,21.0,16.25444163568318,0.0
