,season,matchId,playerId,player,homeOrAway,position,time,goals,assists,shots,yellowCard,redCard,xG,xA,bonus,xB,lastBonus
25,2020,14116,1186,Andrea Belotti,a,FW,0.0,0.0,0.0,0.0,0.0,0.0,0.0,0.0,0.0,0.0,0.0
228,2020,14123,1186,Andrea Belotti,h,FW,90.0,0.0,0.0,2.0,0.0,0.0,0.0807496905326843,0.0,0.0,0.2422490715980529,0.0
1062,2020,15462,1186,Andrea Belotti,h,FW,180.0,2.0,0.0,5.0,0.0,0.0,0.5625088214874266,0.0,6.0,1.6875264644622803,6.0
1199,2020,15475,1186,Andrea Belotti,a,FW,270.0,4.0,0.0,10.0,0.0,0.0,1.496657907962799,0.0676217675209045,12.0,4.557595491409302,6.0
1642,2020,15483,1186,Andrea Belotti,h,FW,360.0,5.0,1.0,15.0,0.0,0.0,1.809664100408554,0.6124643683433533,16.0,6.0414566695690155,4.0
1813,2020,15448,1186,Andrea Belotti,a,FW,438.0,6.0,1.0,18.0,0.0,0.0,2.6815581619739532,1.292163610458374,19.0,9.336838096380234,3.0
2042,2020,15495,1186,Andrea Belotti,h,FW,528.0,6.0,1.0,20.0,0.0,0.0,2.8603474497795105,1.292163610458374,19.0,9.873205959796906,0.0
2678,2020,15515,1186,Andrea Belotti,h,FW,618.0,6.0,1.0,21.0,1.0,0.0,2.9185767993330956,1.374093919992447,18.5,9.629824317991734,-0.5
2785,2020,15519,1186,Andrea Belotti,a,FW,708.0,7.0,1.0,24.0,1.0,0.0,3.654720090329647,1.6481026113033295,21.5,12.11226288229227,3.0
3076,2020,15535,1186,Andrea Belotti,h,FW,798.0,7.0,1.0,25.0,1.0,0.0,3.6962961107492447,2.210338979959488,21.5,12.799227312207222,0.0
3606,2020,15542,1186,Andrea Belotti,a,FW,888.0,8.0,2.0,27.0,1.0,0.0,4.367495968937874,2.5401112735271454,25.5,15.142599180340767,4.0
3716,2020,15555,1186,Andrea Belotti,h,FW,978.0,9.0,2.0,35.0,1.0,0.0,4.894878640770912,2.594841182231903,28.5,16.77947710454464,3.0
4098,2020,15560,1186,Andrea Belotti,a,FW,1068.0,9.0,2.0,41.0,1.0,0.0,5.589746072888374,2.7643703669309616,28.5,19.033608585596085,0.0
4414,2020,15573,1186,Andrea Belotti,a,FW,1158.0,9.0,2.0,45.0,1.0,0.0,5.759467288851738,2.817831490188837,28.5,19.59623335674405,0.0
4762,2020,15585,1186,Andrea Belotti,h,FW,1248.0,9.0,4.0,48.0,1.0,0.0,5.939835608005524,4.017835710197687,30.5,21.337342534214258,2.0
4937,2020,15590,1186,Andrea Belotti,a,FW,1338.0,9.0,4.0,53.0,2.0,0.0,6.098178938031197,4.017835710197687,30.0,21.312372524291277,-0.5
5226,2020,15605,1186,Andrea Belotti,h,FW,1427.0,9.0,4.0,55.0,2.0,0.0,6.177160926163197,4.017835710197687,30.0,21.549318488687277,0.0
5516,2020,15606,1186,Andrea Belotti,a,FW,1517.0,9.0,4.0,59.0,2.0,0.0,6.501747734844685,4.017835710197687,30.0,22.52307891473174,0.0
5806,2020,15625,1186,Andrea Belotti,h,FW,1607.0,9.0,5.0,61.0,2.0,0.0,6.615798532962799,4.409958902746439,31.0,23.257354501634836,1.0
6192,2020,15634,1186,Andrea Belotti,a,FW,1697.0,10.0,5.0,66.0,3.0,0.0,7.424184858798981,4.708339635282755,33.5,25.480894211679697,2.5
6457,2020,15639,1186,Andrea Belotti,h,FW,1787.0,11.0,5.0,70.0,3.0,0.0,8.712738692760468,5.047434184700251,36.5,29.685650262981653,3.0
6773,2020,15653,1186,Andrea Belotti,a,FW,1877.0,11.0,5.0,74.0,3.0,0.0,8.915201634168625,5.047434184700251,36.5,30.293039087206125,0.0
8072,2020,15688,1186,Andrea Belotti,h,Sub,1967.0,11.0,5.0,76.0,4.0,0.0,9.597619861364365,5.280803296715021,36.0,32.073662880808115,-0.5
8195,2020,15665,1186,Andrea Belotti,h,FW,1968.0,11.0,5.0,76.0,4.0,0.0,9.597619861364365,5.280803296715021,36.0,32.073662880808115,0.0
8423,2020,15705,1186,Andrea Belotti,a,FW,2058.0,11.0,5.0,79.0,4.0,0.0,9.66105655580759,5.344936598092318,36.0,32.32810626551509,0.0
8746,2020,15709,1186,Andrea Belotti,h,FW,2148.0,11.0,5.0,84.0,4.0,0.0,10.205849327147007,5.344936598092318,36.0,33.96248457953334,0.0
8940,2020,15725,1186,Andrea Belotti,a,FW,2221.0,11.0,5.0,84.0,4.0,0.0,10.205849327147007,5.451184783130884,36.0,34.068732764571905,0.0
9418,2020,15732,1186,Andrea Belotti,h,FW,2311.0,12.0,5.0,85.0,4.0,0.0,10.967148162424564,5.851245615631342,39.0,36.752690102905035,3.0
9707,2020,15745,1186,Andrea Belotti,a,FW,2401.0,12.0,6.0,93.0,4.0,0.0,11.383544899523258,6.271981153637171,40.0,38.422615852206945,1.0
10028,2020,15750,1186,Andrea Belotti,h,FW,2477.0,12.0,6.0,95.0,4.0,0.0,11.801889546215534,6.923313472419977,40.0,40.32898211106658,0.0
10361,2020,15763,1186,Andrea Belotti,h,FW,2551.0,12.0,6.0,99.0,4.0,0.0,11.982729233801365,7.008960660547018,40.0,40.95714836195111,0.0
10622,2020,15775,1186,Andrea Belotti,a,FW,2635.0,12.0,6.0,103.0,4.0,0.0,12.275241173803806,7.008960660547018,40.0,41.83468418195844,0.0
11050,2020,15795,1186,Andrea Belotti,a,FW,2715.0,12.0,6.0,104.0,4.0,0.0,12.376742951571941,7.008960660547018,40.0,42.13918951526284,0.0
11328,2020,15671,1186,Andrea Belotti,a,FW,2805.0,13.0,6.0,105.0,4.0,0.0,13.138041786849499,7.008960660547018,43.0,44.423086021095514,3.0
11469,2020,15796,1186,Andrea Belotti,h,Sub,2895.0,13.0,6.0,105.0,4.0,0.0,13.138041786849499,7.06598836183548,43.0,44.480113722383976,0.0
