,season,matchId,playerId,player,homeOrAway,position,time,goals,assists,shots,yellowCard,redCard,xG,xA,bonus,xB,lastBonus
4,2020,14116,1433,Federico Chiesa,h,DMR,0.0,0.0,0.0,0.0,0.0,0.0,0.0,0.0,0.0,0.0,0.0
332,2020,14126,1433,Federico Chiesa,a,DMR,86.0,0.0,1.0,2.0,0.0,0.0,0.0835875570774078,0.685295820236206,1.0,0.9360584914684296,1.0
625,2020,15446,1433,Federico Chiesa,h,DMR,157.0,1.0,1.0,3.0,0.0,0.0,0.5661422312259673,0.7032357957214117,4.0,2.401662489399314,3.0
979,2020,15459,1433,Federico Chiesa,a,DMR,247.0,1.0,1.0,10.0,0.0,0.0,0.8593875467777251,0.7755812536925077,4.0,3.3537438940256834,0.0
1625,2020,15482,1433,Federico Chiesa,a,ML,307.0,1.0,2.0,10.0,0.0,1.0,0.8593875467777251,1.7580132614821196,4.5,3.836175901815295,0.5
2193,2020,15499,1433,Federico Chiesa,h,Sub,397.0,1.0,3.0,12.0,0.0,1.0,1.3726503551006317,2.157418889924884,5.5,5.775369955226779,1.0
2478,2020,15507,1433,Federico Chiesa,a,MR,400.0,1.0,3.0,12.0,0.0,1.0,1.3726503551006317,2.157418889924884,5.5,5.775369955226779,0.0
2769,2020,15519,1433,Federico Chiesa,h,ML,472.0,1.0,4.0,13.0,0.0,1.0,1.3935210909694433,2.684322042390704,6.5,6.364885315299034,1.0
3272,2020,15530,1433,Federico Chiesa,a,DML,562.0,1.0,4.0,15.0,0.0,1.0,1.4559532385319471,2.6996148340404034,6.5,6.567474549636245,0.0
3378,2020,15540,1433,Federico Chiesa,h,ML,647.0,1.0,4.0,15.0,0.0,1.0,1.4559532385319471,3.2568535916507244,6.5,7.124713307246566,0.0
3705,2020,15552,1433,Federico Chiesa,a,Sub,724.0,2.0,4.0,16.0,0.0,1.0,1.486290831118822,3.3280282355844975,9.5,7.286900728940964,3.0
3957,2020,15558,1433,Federico Chiesa,h,DML,732.0,2.0,4.0,16.0,0.0,1.0,1.486290831118822,3.3280282355844975,9.5,7.286900728940964,0.0
4511,2020,15572,1433,Federico Chiesa,h,MR,822.0,2.0,4.0,17.0,0.0,1.0,1.5324882008135319,3.3280282355844975,9.5,7.425492838025093,0.0
4837,2020,15581,1433,Federico Chiesa,a,MR,898.0,3.0,4.0,22.0,1.0,1.0,2.621953818947077,4.304919216781855,12.0,11.170780673623085,2.5
5098,2020,15589,1433,Federico Chiesa,h,MR,961.0,5.0,4.0,27.0,1.0,1.0,3.467644903808832,4.393429685384035,18.0,13.796364396810532,6.0
5422,2020,15600,1433,Federico Chiesa,a,MR,1051.0,5.0,4.0,28.0,1.0,1.0,3.5730572529137135,4.50783009454608,18.0,14.22700185328722,0.0
5879,2020,15617,1433,Federico Chiesa,a,ML,1141.0,5.0,4.0,29.0,1.0,1.0,3.6625678054988384,4.519487691111863,18.0,14.507191107608378,0.0
6203,2020,15631,1433,Federico Chiesa,h,MR,1226.0,6.0,4.0,31.0,1.0,1.0,4.233245145529509,4.7629810543730855,21.0,16.46271649096161,3.0
6499,2020,15640,1433,Federico Chiesa,a,ML,1309.0,6.0,4.0,31.0,1.0,1.0,4.233245145529509,4.7629810543730855,21.0,16.46271649096161,0.0
6999,2020,15647,1433,Federico Chiesa,h,MR,1399.0,6.0,4.0,35.0,1.0,1.0,4.394167583435774,5.248344239778817,21.0,17.43084699008614,0.0
7109,2020,15661,1433,Federico Chiesa,a,DMR,1489.0,6.0,4.0,37.0,1.0,1.0,4.486119221895933,5.800331351347268,21.0,18.258689017035067,0.0
7304,2020,15670,1433,Federico Chiesa,h,MR,1576.0,6.0,5.0,39.0,1.0,1.0,4.61279096826911,6.170664337463677,22.0,19.009037242271006,1.0
7644,2020,15681,1433,Federico Chiesa,h,AML,1648.0,7.0,5.0,43.0,1.0,1.0,5.815422918647528,6.252902668900788,25.0,22.69917142484337,3.0
8146,2020,15689,1433,Federico Chiesa,a,ML,1730.0,7.0,6.0,45.0,1.0,1.0,5.908953916281462,6.613269072957337,26.0,23.340130821801722,1.0
8379,2020,15704,1433,Federico Chiesa,h,ML,1817.0,7.0,7.0,45.0,1.0,1.0,5.908953916281462,7.216380697675049,27.0,23.943242446519434,1.0
8759,2020,15709,1433,Federico Chiesa,a,ML,1907.0,7.0,7.0,45.0,1.0,1.0,5.908953916281462,7.338770133443177,27.0,24.065631882287562,0.0
8804,2020,15455,1433,Federico Chiesa,h,ML,1997.0,8.0,7.0,51.0,1.0,1.0,6.37645785138011,7.620163124985993,30.0,25.749536679126322,3.0
8984,2020,15720,1433,Federico Chiesa,h,ML,2078.0,8.0,8.0,54.0,1.0,1.0,6.58764861151576,7.946520668454468,31.0,26.70946650300175,1.0
9371,2020,15730,1433,Federico Chiesa,a,ML,2153.0,8.0,8.0,58.0,1.0,1.0,7.147835534065962,8.019538802094758,31.0,28.463045404292643,0.0
10668,2020,15771,1433,Federico Chiesa,h,ML,2212.0,8.0,8.0,60.0,1.0,1.0,7.288674276322126,8.358188164420426,31.0,29.224210993386805,0.0
10834,2020,15779,1433,Federico Chiesa,a,MR,2294.0,8.0,8.0,61.0,2.0,1.0,7.312727455049753,8.358188164420426,30.5,28.796370529569685,-0.5
11065,2020,15790,1433,Federico Chiesa,h,ML,2375.0,8.0,9.0,65.0,3.0,1.0,7.508974064141512,8.38987133372575,31.0,28.916793526150286,0.5
11512,2020,15799,1433,Federico Chiesa,a,ML,2449.0,8.0,9.0,68.0,3.0,1.0,7.658423338085413,8.983869408257306,31.0,29.959139422513545,0.0
