,season,matchId,playerId,player,homeOrAway,position,time,goals,assists,shots,yellowCard,redCard,xG,xA,bonus,xB,lastBonus
194,2020,14122,189,Hakan Calhanoglu,h,AMC,0.0,0.0,0.0,0.0,0.0,0.0,0.0,0.0,0.0,0.0,0.0
458,2020,14130,189,Hakan Calhanoglu,a,AMC,72.0,0.0,0.0,2.0,0.0,0.0,0.1288465708494186,0.0535549409687519,0.0,0.4400946535170078,0.0
850,2020,15454,189,Hakan Calhanoglu,h,Sub,158.0,0.0,0.0,6.0,0.0,0.0,0.2643266171216964,0.28476126864552487,0.0,1.0777411200106144,0.0
922,2020,15457,189,Hakan Calhanoglu,a,AMC,199.0,0.0,1.0,7.0,1.0,0.0,0.32375809550285334,1.0654981918632984,0.5,1.5367724783718586,0.5
1461,2020,15473,189,Hakan Calhanoglu,h,AMC,289.0,0.0,1.0,7.0,1.0,0.0,0.32375809550285334,1.1169847883284092,0.5,1.5882590748369694,0.0
1593,2020,15484,189,Hakan Calhanoglu,a,AMC,379.0,0.0,1.0,10.0,1.0,0.0,0.5124387443065642,2.0669935382902622,0.5,3.104309771209955,0.0
2099,2020,15492,189,Hakan Calhanoglu,h,AMC,468.0,0.0,1.0,12.0,1.0,0.0,0.5795824080705642,2.0966572128236294,0.5,3.335404437035322,0.0
2418,2020,15500,189,Hakan Calhanoglu,a,AMC,555.0,0.0,1.0,15.0,1.0,0.0,0.6443767175078391,2.8767873011529446,0.5,4.309917453676462,0.0
2587,2020,15512,189,Hakan Calhanoglu,h,AML,645.0,0.0,1.0,16.0,1.0,0.0,0.6657459959387778,2.929008148610592,0.5,4.426246136426926,0.0
2968,2020,15522,189,Hakan Calhanoglu,a,AML,735.0,0.0,1.0,21.0,1.0,0.0,0.8946062847971915,3.132152073085308,0.5,5.315970927476883,0.0
3291,2020,15532,189,Hakan Calhanoglu,h,AML,825.0,0.0,1.0,23.0,1.0,0.0,0.9541693553328512,3.1990489810705185,0.5,5.561557047069073,0.0
3453,2020,15538,189,Hakan Calhanoglu,a,AMC,915.0,0.0,2.0,29.0,1.0,0.0,1.1838619038462637,3.901758596301079,1.5,6.9533443078398705,1.0
3853,2020,15554,189,Hakan Calhanoglu,a,AML,1005.0,0.0,3.0,32.0,1.0,0.0,1.3386119231581686,4.555076643824577,2.5,8.070912413299084,1.0
4050,2020,15559,189,Hakan Calhanoglu,h,AMC,1095.0,0.0,4.0,33.0,1.0,0.0,1.376046501100063,5.00440426170826,3.5,8.63254376500845,1.0
4499,2020,15567,189,Hakan Calhanoglu,a,AMC,1185.0,1.0,6.0,36.0,1.0,0.0,2.2578667625784874,5.55790688097477,8.5,11.831507168710232,5.0
4824,2020,15581,189,Hakan Calhanoglu,h,AMC,1275.0,1.0,6.0,38.0,2.0,0.0,2.339528165757656,5.55790688097477,8.0,11.576491378247738,-0.5
4925,2020,15590,189,Hakan Calhanoglu,h,Sub,1365.0,1.0,6.0,44.0,2.0,0.0,2.474719561636448,5.71845044195652,8.0,12.142609126865864,0.0
6306,2020,15628,189,Hakan Calhanoglu,h,Sub,1392.0,1.0,6.0,44.0,2.0,0.0,2.474719561636448,5.729338493198156,8.0,12.1534971781075,0.0
6525,2020,15642,189,Hakan Calhanoglu,a,AMC,1420.0,1.0,8.0,44.0,2.0,0.0,2.474719561636448,6.639430429786444,10.0,13.063589114695787,2.0
6911,2020,15648,189,Hakan Calhanoglu,h,AMC,1503.0,1.0,8.0,46.0,2.0,0.0,2.5926099717617035,6.775886204093695,10.0,13.553716119378805,0.0
7291,2020,15663,189,Hakan Calhanoglu,a,AMC,1593.0,1.0,8.0,50.0,2.0,0.0,2.7475354075431824,6.821986321359873,10.0,14.06459254398942,0.0
8162,2020,15690,189,Hakan Calhanoglu,h,AMC,1640.0,1.0,8.0,50.0,2.0,0.0,2.7475354075431824,6.979691658169031,10.0,14.222297880798578,0.0
8453,2020,15701,189,Hakan Calhanoglu,a,AMC,1701.0,1.0,8.0,52.0,2.0,0.0,2.892482817173004,7.08492998406291,10.0,14.762378435581923,0.0
8499,2020,15712,189,Hakan Calhanoglu,h,AMC,1791.0,2.0,8.0,56.0,3.0,0.0,3.0393866300582886,7.587944250553846,12.5,15.206104140728712,2.5
8908,2020,15722,189,Hakan Calhanoglu,a,AMC,1881.0,2.0,8.0,60.0,3.0,0.0,3.1845642179250717,7.659746650606394,12.5,15.713439304381609,0.0
9293,2020,15728,189,Hakan Calhanoglu,h,AMC,1958.0,2.0,8.0,61.0,4.0,0.0,3.2046291287988424,7.746166784316301,12.0,15.360054170712829,-0.5
9507,2020,15744,189,Hakan Calhanoglu,h,AMC,2047.0,2.0,8.0,65.0,4.0,0.0,3.375558679923415,8.099047172814608,12.0,16.225723212584853,0.0
10074,2020,15749,189,Hakan Calhanoglu,a,AMC,2120.0,3.0,8.0,69.0,4.0,0.0,3.5639707800000906,8.207108605653048,15.0,16.89902094565332,3.0
10150,2020,15757,189,Hakan Calhanoglu,h,AMC,2210.0,3.0,8.0,74.0,4.0,0.0,3.9677427168935537,8.479936081916094,15.0,18.383164232596755,0.0
10682,2020,15771,189,Hakan Calhanoglu,a,AML,2299.0,4.0,8.0,76.0,4.0,0.0,4.3888447638601065,8.589893247932196,18.0,19.756427539512515,3.0
10866,2020,15780,189,Hakan Calhanoglu,a,AML,2389.0,4.0,9.0,76.0,4.0,0.0,4.3888447638601065,8.789392288774252,19.0,19.95592658035457,1.0
11248,2020,15788,189,Hakan Calhanoglu,h,AML,2461.0,4.0,9.0,78.0,4.0,0.0,4.429952947422862,8.789392288774252,19.0,20.079251131042838,0.0
11576,2020,15801,189,Hakan Calhanoglu,a,AML,2551.0,4.0,9.0,82.0,4.0,0.0,4.6437067072838545,8.855919186025858,19.0,20.78703930787742,0.0
