,season,matchId,playerId,player,homeOrAway,position,time,goals,assists,shots,yellowCard,redCard,xG,xA,bonus,xB,lastBonus
894,2020,15456,1426,Josip Ilicic,a,AMC,0.0,0.0,0.0,0.0,0.0,0.0,0.0,0.0,0.0,0.0,0.0
1214,2020,15466,1426,Josip Ilicic,h,FW,64.0,0.0,0.0,0.0,0.0,0.0,0.0,0.0352221876382827,0.0,0.0352221876382827,0.0
1508,2020,15477,1426,Josip Ilicic,a,Sub,154.0,0.0,0.0,5.0,0.0,0.0,0.260395348072052,0.6826327592134475,0.0,1.4638188034296036,0.0
2175,2020,15503,1426,Josip Ilicic,a,AMC,198.0,0.0,0.0,6.0,0.0,0.0,0.287302104756236,1.065088167786598,0.0,1.9269944820553064,0.0
2495,2020,15506,1426,Josip Ilicic,h,AMC,284.0,0.0,0.0,6.0,0.0,0.0,0.287302104756236,1.8272178918123243,0.0,2.6891242060810328,0.0
3874,2020,15546,1426,Josip Ilicic,h,Sub,348.0,0.0,0.0,8.0,0.0,0.0,0.7123969476670027,1.9263614937663076,0.0,4.063552336767316,0.0
4036,2020,15556,1426,Josip Ilicic,a,FW,389.0,1.0,2.0,10.0,0.0,0.0,0.8669480066746473,2.4939356967806816,5.0,5.094779716804624,5.0
4272,2020,15566,1426,Josip Ilicic,h,FW,436.0,1.0,2.0,12.0,0.0,0.0,1.004316059872508,2.4939356967806816,5.0,5.506883876398206,0.0
4578,2020,15576,1426,Josip Ilicic,h,FW,499.0,1.0,3.0,18.0,0.0,0.0,1.2570214252918959,3.503110282123089,6.0,7.274174557998776,1.0
4874,2020,15586,1426,Josip Ilicic,a,FW,559.0,1.0,4.0,21.0,0.0,0.0,1.5689000468701124,3.936308465898037,7.0,8.643008606508374,1.0
5380,2020,15596,1426,Josip Ilicic,h,AMC,646.0,2.0,5.0,27.0,0.0,0.0,1.8466547708958387,5.831593714654446,11.0,11.371558027341962,4.0
5488,2020,15524,1426,Josip Ilicic,a,Sub,734.0,2.0,5.0,30.0,0.0,0.0,2.0417836140841246,5.88413430377841,11.0,12.009485146030784,0.0
5576,2020,15611,1426,Josip Ilicic,a,FW,763.0,2.0,5.0,31.0,0.0,0.0,2.0604918245226145,5.88413430377841,11.0,12.065609777346253,0.0
5989,2020,15618,1426,Josip Ilicic,h,AMC,845.0,3.0,5.0,38.0,0.0,0.0,3.201270842924714,6.368260961025953,14.0,15.972073489800096,3.0
6174,2020,15634,1426,Josip Ilicic,h,AMC,912.0,3.0,5.0,38.0,0.0,0.0,3.201270842924714,6.418772265315056,14.0,16.022584794089198,0.0
6587,2020,15636,1426,Josip Ilicic,a,AMC,973.0,4.0,5.0,41.0,0.0,0.0,3.612160736694932,6.795439049601555,17.0,17.63192125968635,3.0
7144,2020,15656,1426,Josip Ilicic,a,Sub,1042.0,4.0,5.0,42.0,1.0,0.0,3.676539221778512,6.927359417080879,16.5,17.456977082416415,-0.5
7522,2020,15675,1426,Josip Ilicic,h,AMC,1073.0,4.0,5.0,44.0,1.0,0.0,3.824872175231576,7.212363019585609,16.5,18.186979545280337,0.0
7872,2020,15676,1426,Josip Ilicic,a,Sub,1163.0,5.0,6.0,49.0,1.0,0.0,4.132800946012139,8.00137110054493,20.5,19.899773938581347,4.0
7917,2020,15693,1426,Josip Ilicic,h,FW,1206.0,5.0,6.0,50.0,1.0,0.0,4.148567663505673,8.15535755455494,20.5,20.10106054507196,0.0
8340,2020,15696,1426,Josip Ilicic,a,Sub,1272.0,5.0,7.0,51.0,1.0,0.0,4.329181896522641,8.814031794667244,21.5,21.301577484235168,1.0
8686,2020,15714,1426,Josip Ilicic,h,Sub,1284.0,5.0,7.0,53.0,1.0,0.0,4.464692490175366,8.888762675225735,21.5,21.782840145751834,0.0
9128,2020,15716,1426,Josip Ilicic,a,Sub,1328.0,5.0,7.0,54.0,1.0,0.0,4.798922227695584,8.913836810737848,21.5,22.8106034938246,0.0
9361,2020,15730,1426,Josip Ilicic,h,Sub,1352.0,6.0,7.0,55.0,1.0,0.0,5.560221062973142,9.509252641350031,24.5,25.689915830269456,3.0
9735,2020,15736,1426,Josip Ilicic,a,AMC,1373.0,6.0,8.0,56.0,1.0,0.0,5.581066684797406,10.083237741142511,25.5,26.32643779553473,1.0
10001,2020,15746,1426,Josip Ilicic,h,Sub,1433.0,6.0,8.0,57.0,1.0,0.0,5.6744491923600435,10.185968939214945,25.5,26.709316516295075,0.0
10558,2020,15766,1426,Josip Ilicic,a,AMC,1451.0,6.0,8.0,58.0,1.0,0.0,5.719229282811284,10.185968939214945,25.5,26.843656787648797,0.0
10761,2020,15776,1426,Josip Ilicic,h,Sub,1497.0,6.0,9.0,58.0,1.0,0.0,5.719229282811284,10.86501533165574,26.5,27.522703180089593,1.0
