,season,matchId,playerId,player,homeOrAway,position,time,goals,assists,shots,yellowCard,redCard,xG,xA,bonus,xB,lastBonus
148,2020,14120,1592,João Pedro,a,ML,0.0,0.0,0.0,0.0,0.0,0.0,0.0,0.0,0.0,0.0,0.0
259,2020,14124,1592,João Pedro,h,FWL,90.0,0.0,1.0,1.0,0.0,0.0,0.0285656843334436,0.673194944858551,1.0,0.758891997858882,1.0
737,2020,15450,1592,João Pedro,a,FW,180.0,0.0,1.0,3.0,0.0,0.0,0.1013373378664254,0.673194944858551,1.0,0.9772069584578276,0.0
1077,2020,15462,1592,João Pedro,a,FW,266.0,1.0,1.0,6.0,0.0,0.0,0.30042205192148674,0.7259189337491988,4.0,1.6271850895136595,3.0
1308,2020,15468,1592,João Pedro,h,AMC,352.0,2.0,1.0,7.0,0.0,0.0,1.0125869903713465,0.7349155517295001,7.0,3.7726765228435393,3.0
1562,2020,15476,1592,João Pedro,a,AMC,442.0,3.0,2.0,12.0,0.0,0.0,1.9794613514095545,1.2892811270430682,11.0,7.227665181271732,4.0
1857,2020,15489,1592,João Pedro,h,AMC,532.0,4.0,2.0,15.0,1.0,0.0,2.410630265250802,1.2892811270430682,13.5,8.021171922795475,2.5
2207,2020,15499,1592,João Pedro,a,AMC,622.0,5.0,2.0,18.0,1.0,0.0,3.583634415641427,1.4279766948893664,16.5,11.678879941813648,3.0
2616,2020,15509,1592,João Pedro,h,AMC,712.0,5.0,2.0,18.0,1.0,0.0,3.583634415641427,1.470374104566872,16.5,11.721277351491153,0.0
2845,2020,15525,1592,João Pedro,a,AMC,802.0,6.0,2.0,21.0,1.0,0.0,3.763809571042657,1.4890148462727664,19.5,12.280443559400737,3.0
3135,2020,15528,1592,João Pedro,h,AMC,892.0,6.0,2.0,22.0,1.0,0.0,3.8565892223268747,1.5937459217384455,19.5,12.66351358871907,0.0
3513,2020,15541,1592,João Pedro,a,AMC,982.0,6.0,2.0,25.0,1.0,0.0,4.032802486792207,1.5937459217384455,19.5,13.192153382115066,0.0
3773,2020,15548,1592,João Pedro,h,AMC,1072.0,6.0,2.0,28.0,1.0,0.0,4.171320358291268,1.6227509928867219,19.5,13.636712067760527,0.0
4130,2020,15561,1592,João Pedro,a,FW,1160.0,6.0,2.0,29.0,1.0,0.0,4.238663846626878,1.7963512940332291,19.5,14.012342833913863,0.0
4303,2020,15568,1592,João Pedro,h,AMC,1250.0,8.0,2.0,32.0,1.0,0.0,5.067255670204759,1.9193009389564393,25.5,16.621067949570715,6.0
4547,2020,15578,1592,João Pedro,h,AMC,1334.0,9.0,2.0,35.0,1.0,0.0,5.699978584423661,1.9193009389564393,28.5,18.519236692227423,3.0
5087,2020,15587,1592,João Pedro,a,FW,1424.0,10.0,2.0,36.0,1.0,0.0,6.271864229813218,1.9193009389564393,31.5,20.234893628396094,3.0
5439,2020,15598,1592,João Pedro,h,AMC,1514.0,10.0,2.0,37.0,1.0,0.0,7.0331630650907755,1.9193009389564393,31.5,22.518790134228766,0.0
5699,2020,15608,1592,João Pedro,a,AMC,1604.0,10.0,2.0,39.0,1.0,0.0,7.209520110860467,2.291973884217441,31.5,23.420534216798842,0.0
6021,2020,15621,1592,João Pedro,h,AMC,1694.0,10.0,2.0,40.0,1.0,0.0,7.307921143248677,3.066732640378177,31.5,24.49049607012421,0.0
6410,2020,15627,1592,João Pedro,a,AMC,1784.0,11.0,2.0,43.0,1.0,0.0,7.904344769194722,3.106994709931314,34.5,26.32002901751548,3.0
6573,2020,15636,1592,João Pedro,h,FW,1874.0,11.0,2.0,44.0,2.0,0.0,7.966210601851344,3.1654718844220042,34.0,26.064103689976037,-0.5
6757,2020,15653,1592,João Pedro,h,FW,1964.0,11.0,2.0,45.0,2.0,0.0,8.092237753793597,3.177764419466257,34.0,26.45447768084705,0.0
7171,2020,15658,1592,João Pedro,a,FW,2054.0,11.0,2.0,48.0,2.0,0.0,8.330790577456355,3.177764419466257,34.0,27.170136151835322,0.0
7492,2020,15674,1592,João Pedro,h,FW,2134.0,12.0,2.0,49.0,2.0,0.0,9.092089412733912,3.177764419466257,37.0,29.454032657667994,3.0
7808,2020,15679,1592,João Pedro,a,FW,2217.0,12.0,2.0,50.0,2.0,0.0,9.182415714487433,3.5858067013323307,37.0,30.13305384479463,0.0
8131,2020,15689,1592,João Pedro,h,FW,2292.0,13.0,2.0,54.0,2.0,0.0,10.146394899114966,3.5858067013323307,40.0,33.02499139867723,3.0
8303,2020,15698,1592,João Pedro,a,FW,2382.0,13.0,2.0,54.0,2.0,0.0,10.146394899114966,3.60002607665956,40.0,33.03921077400446,0.0
8715,2020,15715,1592,João Pedro,h,FW,2472.0,13.0,2.0,57.0,3.0,0.0,10.573967268690467,4.005714094266295,39.5,34.227615900337696,-0.5
8971,2020,15718,1592,João Pedro,a,FW,2562.0,13.0,2.0,61.0,3.0,0.0,10.782531565055251,4.332708394154906,39.5,35.18030308932066,0.0
9263,2020,15731,1592,João Pedro,h,FW,2652.0,13.0,2.0,62.0,3.0,0.0,10.808345530182123,4.332708394154906,39.5,35.257744984701276,0.0
9587,2020,15738,1592,João Pedro,a,FW,2742.0,13.0,2.0,64.0,3.0,0.0,11.171635631471872,4.332708394154906,39.5,36.34761528857052,0.0
9963,2020,15751,1592,João Pedro,h,AMC,2823.0,14.0,2.0,66.0,3.0,0.0,11.963441018015146,4.332708394154906,42.5,38.723031448200345,3.0
10591,2020,15768,1592,João Pedro,a,FW,2913.0,15.0,3.0,68.0,4.0,0.0,12.009486977010965,4.88859430514276,46.0,38.917055236175656,3.5
10729,2020,15777,1592,João Pedro,h,AML,3003.0,16.0,3.0,69.0,4.0,0.0,12.485281858593225,4.88859430514276,49.0,40.34443988092244,3.0
11264,2020,15788,1592,João Pedro,a,FW,3093.0,16.0,3.0,72.0,4.0,0.0,12.668863285332918,4.933515107259154,49.0,40.94010496325791,0.0
11371,2020,15798,1592,João Pedro,h,FW,3183.0,16.0,3.0,72.0,4.0,0.0,12.668863285332918,5.202847009524703,49.0,41.20943686552346,0.0
