,season,matchId,playerId,player,homeOrAway,position,time,goals,assists,shots,yellowCard,redCard,xG,xA,bonus,xB,lastBonus
85,2020,14118,1393,Lorenzo Insigne,a,FWL,0.0,0.0,0.0,0.0,0.0,0.0,0.0,0.0,0.0,0.0,0.0
412,2020,14128,1393,Lorenzo Insigne,h,AML,90.0,1.0,0.0,3.0,0.0,0.0,0.9416984915733336,0.1532903015613556,3.0,2.978385776281357,3.0
1355,2020,15467,1393,Lorenzo Insigne,a,AML,112.0,1.0,0.0,3.0,0.0,0.0,0.9416984915733336,0.1532903015613556,3.0,2.978385776281357,0.0
2085,2020,15488,1393,Lorenzo Insigne,a,AML,201.0,2.0,0.0,10.0,0.0,0.0,1.506619155406952,0.2331668883562088,6.0,4.7530243545770645,3.0
2405,2020,15500,1393,Lorenzo Insigne,h,AML,284.0,2.0,0.0,15.0,0.0,0.0,1.7987948656082153,0.2606623973697423,6.0,5.657046994194388,0.0
2649,2020,15513,1393,Lorenzo Insigne,h,FWL,374.0,2.0,0.0,15.0,0.0,0.0,1.7987948656082153,0.3059263359755276,6.0,5.702310932800174,0.0
2936,2020,15516,1393,Lorenzo Insigne,a,AML,464.0,3.0,1.0,18.0,0.0,0.0,1.9521171897649765,0.3424314204603432,10.0,6.198782989755273,4.0
3231,2020,15533,1393,Lorenzo Insigne,h,AML,544.0,4.0,2.0,22.0,0.0,0.0,2.1586062908172607,1.2617807928472755,14.0,7.737599665299058,4.0
3482,2020,15539,1393,Lorenzo Insigne,a,AML,634.0,4.0,2.0,26.0,1.0,0.0,2.301411271095276,1.2964297663420437,13.5,7.7006635796278715,-0.5
4082,2020,15560,1393,Lorenzo Insigne,h,AML,708.0,4.0,2.0,30.0,1.0,1.0,2.9615132212638855,2.1811400186270475,13.0,10.065679682418704,-0.5
4319,2020,15568,1393,Lorenzo Insigne,a,AML,798.0,5.0,2.0,34.0,1.0,1.0,3.1906117349863052,2.1811400186270475,16.0,10.752975223585963,3.0
4794,2020,15582,1393,Lorenzo Insigne,h,AML,888.0,6.0,2.0,39.0,1.0,1.0,4.213659539818764,3.3598255645483732,19.0,15.000804184004664,3.0
5026,2020,15594,1393,Lorenzo Insigne,a,AML,978.0,6.0,2.0,50.0,1.0,1.0,5.985562935471535,3.463840639218688,19.0,20.420529445633292,0.0
5287,2020,15602,1393,Lorenzo Insigne,h,AML,1068.0,7.0,2.0,60.0,1.0,1.0,7.215319648385048,3.5373463463038206,22.0,24.183305291458964,3.0
5728,2020,15615,1393,Lorenzo Insigne,a,AML,1149.0,9.0,3.0,64.0,2.0,1.0,8.170709386467934,4.166075928136706,28.5,27.178204087540507,6.5
6052,2020,15620,1393,Lorenzo Insigne,h,FWL,1211.0,9.0,3.0,67.0,2.0,1.0,8.218717649579048,4.235865971073508,28.5,27.392018919810653,0.0
6255,2020,15630,1393,Lorenzo Insigne,a,Sub,1301.0,9.0,3.0,72.0,2.0,1.0,8.381227552890778,4.235865971073508,28.5,27.87954862974584,0.0
6484,2020,15640,1393,Lorenzo Insigne,h,AMC,1337.0,9.0,3.0,74.0,2.0,1.0,8.813767582178116,4.3023918475955725,28.5,29.24369459412992,0.0
6962,2020,15649,1393,Lorenzo Insigne,a,Sub,1427.0,10.0,3.0,79.0,2.0,1.0,9.720080345869064,4.3023918475955725,31.5,31.962632885202765,3.0
7247,2020,15657,1393,Lorenzo Insigne,h,AML,1463.0,10.0,3.0,81.0,2.0,1.0,9.815339855849743,4.3023918475955725,31.5,32.2484114151448,0.0
7355,2020,15667,1393,Lorenzo Insigne,a,AML,1553.0,10.0,3.0,84.0,2.0,1.0,9.999704532325268,4.3904490899294615,31.5,32.889562686905265,0.0
7822,2020,15678,1393,Lorenzo Insigne,h,AML,1643.0,11.0,4.0,87.0,2.0,1.0,10.786905877292156,5.118635697290301,35.5,35.97935332916677,4.0
8179,2020,15690,1393,Lorenzo Insigne,a,AML,1723.0,13.0,4.0,91.0,2.0,1.0,11.006670497357845,5.4155140947550535,41.5,36.93552558682859,6.0
8484,2020,15702,1393,Lorenzo Insigne,a,AML,1813.0,13.0,4.0,94.0,2.0,1.0,11.089930824935436,5.623625261709094,41.5,37.3934177365154,0.0
8531,2020,15706,1393,Lorenzo Insigne,h,AML,1901.0,13.0,4.0,96.0,2.0,1.0,11.304971791803837,5.7068649139255285,41.5,38.12178028933704,0.0
8819,2020,15455,1393,Lorenzo Insigne,a,AML,1991.0,14.0,5.0,103.0,2.0,1.0,11.78745961934328,7.082954367622733,45.5,40.945333225652575,4.0
9063,2020,15723,1393,Lorenzo Insigne,a,AML,2081.0,15.0,5.0,106.0,2.0,1.0,12.609702832996845,7.138171074911952,48.5,43.46727957390249,3.0
9449,2020,15729,1393,Lorenzo Insigne,h,AML,2171.0,15.0,5.0,111.0,2.0,1.0,13.148803241550922,7.322656316682696,48.5,45.26906604133546,0.0
9750,2020,15741,1393,Lorenzo Insigne,h,AML,2261.0,15.0,5.0,113.0,2.0,1.0,13.182846758514643,7.403415655717254,48.5,45.45195593126118,0.0
10043,2020,15750,1393,Lorenzo Insigne,a,AML,2351.0,17.0,5.0,117.0,2.0,1.0,14.168027613312006,7.403415655717254,54.5,48.40749849565327,6.0
10244,2020,15758,1393,Lorenzo Insigne,h,AML,2438.0,17.0,5.0,123.0,2.0,1.0,14.628545973449945,7.526309495791793,54.5,49.91194741614163,0.0
10432,2020,15772,1393,Lorenzo Insigne,a,ML,2528.0,17.0,6.0,127.0,2.0,1.0,15.379669819027185,8.047827368602157,55.5,52.68683682568371,1.0
10697,2020,15784,1393,Lorenzo Insigne,h,AML,2618.0,17.0,7.0,127.0,2.0,1.0,15.379669819027185,8.674313133582473,56.5,53.31332259066403,1.0
11141,2020,15792,1393,Lorenzo Insigne,a,AML,2708.0,18.0,7.0,132.0,2.0,1.0,15.51296155527234,8.912700166925788,59.5,53.95158483274281,3.0
11622,2020,15805,1393,Lorenzo Insigne,h,AML,2798.0,19.0,7.0,139.0,2.0,1.0,17.14892702177167,9.065710609778762,62.5,59.01249167509377,3.0
