,season,matchId,playerId,player,homeOrAway,position,time,goals,assists,shots,yellowCard,redCard,xG,xA,bonus,xB,lastBonus
242,2020,14123,1229,Luis Muriel,a,FW,0.0,0.0,0.0,0.0,0.0,0.0,0.0,0.0,0.0,0.0,0.0
618,2020,14135,1229,Luis Muriel,a,Sub,65.0,1.0,1.0,4.0,0.0,0.0,0.1669153422117233,0.1034701019525528,4.0,0.6042161285877228,4.0
720,2020,15450,1229,Luis Muriel,h,FW,72.0,1.0,1.0,5.0,0.0,0.0,0.4311930388212203,0.1034701019525528,4.0,1.397049218416214,0.0
898,2020,15456,1229,Luis Muriel,a,Sub,146.0,2.0,1.0,9.0,0.0,0.0,1.7124356478452682,0.1034701019525528,7.0,5.2407770454883575,3.0
1503,2020,15477,1229,Luis Muriel,a,FW,154.0,2.0,1.0,9.0,0.0,0.0,1.7124356478452682,0.1034701019525528,7.0,5.2407770454883575,0.0
1982,2020,15486,1229,Luis Muriel,h,Sub,200.0,4.0,1.0,15.0,0.0,0.0,2.6105679720640182,0.1034701019525528,13.0,7.9351740181446075,6.0
2501,2020,15506,1229,Luis Muriel,h,Sub,217.0,4.0,2.0,17.0,0.0,0.0,3.182313844561577,0.1602252349257469,14.0,9.707166768610477,1.0
3172,2020,15526,1229,Luis Muriel,h,Sub,243.0,4.0,2.0,20.0,0.0,0.0,3.302282400429249,0.1602252349257469,14.0,10.067072436213493,0.0
3397,2020,15540,1229,Luis Muriel,a,Sub,258.0,4.0,2.0,20.0,0.0,0.0,3.302282400429249,0.1602252349257469,14.0,10.067072436213493,0.0
3873,2020,15546,1229,Luis Muriel,h,Sub,274.0,4.0,2.0,20.0,0.0,0.0,3.302282400429249,0.18154152110219,14.0,10.088388722389936,0.0
4035,2020,15556,1229,Luis Muriel,a,FW,289.0,5.0,2.0,22.0,0.0,0.0,3.760982759296894,0.6609050817787647,17.0,11.943853359669447,3.0
4275,2020,15566,1229,Luis Muriel,h,Sub,355.0,7.0,2.0,25.0,0.0,0.0,4.751079864799976,0.8369845040142536,23.0,15.090224098414183,6.0
4579,2020,15576,1229,Luis Muriel,h,FW,382.0,8.0,2.0,27.0,0.0,0.0,5.3843246176838875,0.8369845040142536,26.0,16.989958357065916,3.0
4875,2020,15586,1229,Luis Muriel,a,Sub,430.0,9.0,2.0,30.0,0.0,0.0,5.850896812975407,0.8563913851976395,29.0,18.40908182412386,3.0
5384,2020,15596,1229,Luis Muriel,h,Sub,447.0,10.0,2.0,33.0,0.0,0.0,6.333047665655613,0.8563913851976395,32.0,19.85553438216448,3.0
5486,2020,15524,1229,Luis Muriel,a,FW,480.0,10.0,2.0,36.0,0.0,0.0,6.560543693602085,0.9572386816143988,32.0,20.638869762420654,0.0
5577,2020,15611,1229,Luis Muriel,a,Sub,541.0,11.0,2.0,38.0,0.0,0.0,7.217746056616306,1.037180297076702,35.0,22.69041846692562,3.0
5992,2020,15618,1229,Luis Muriel,h,Sub,549.0,11.0,2.0,38.0,0.0,0.0,7.217746056616306,1.037180297076702,35.0,22.69041846692562,0.0
6176,2020,15634,1229,Luis Muriel,h,FW,585.0,11.0,2.0,39.0,0.0,0.0,7.535997457802296,1.3133520707488058,35.0,23.921344444155693,0.0
6593,2020,15636,1229,Luis Muriel,a,Sub,645.0,12.0,3.0,41.0,0.0,0.0,8.719912000000477,1.5208499655127523,39.0,27.680585965514183,4.0
6942,2020,15649,1229,Luis Muriel,h,FW,666.0,13.0,3.0,43.0,0.0,0.0,8.824924625456333,1.5611976422369478,42.0,28.035971518605947,3.0
7142,2020,15656,1229,Luis Muriel,a,FW,751.0,14.0,4.0,47.0,0.0,0.0,9.128028102219105,2.356020513921976,46.0,29.74010482057929,4.0
7524,2020,15675,1229,Luis Muriel,h,FW,810.0,14.0,5.0,48.0,0.0,0.0,9.167490866035223,2.6043821312487125,47.0,30.10685472935438,1.0
7871,2020,15676,1229,Luis Muriel,a,Sub,880.0,15.0,6.0,52.0,0.0,0.0,10.451197650283575,2.9746185280382633,51.0,34.32821147888899,4.0
7916,2020,15693,1229,Luis Muriel,h,FW,899.0,15.0,6.0,53.0,0.0,0.0,10.494059816002846,2.9746185280382633,51.0,34.4567979760468,0.0
8339,2020,15696,1229,Luis Muriel,a,Sub,965.0,16.0,6.0,55.0,0.0,0.0,10.59999543428421,3.073160868138075,54.0,34.873147170990705,3.0
8684,2020,15714,1229,Luis Muriel,h,FW,977.0,16.0,6.0,57.0,0.0,0.0,10.967225819826126,3.177071813493967,54.0,36.078749272972345,0.0
9125,2020,15716,1229,Luis Muriel,a,FW,1023.0,18.0,6.0,62.0,0.0,0.0,11.744800120592117,3.284009862691164,60.0,38.518410224467516,6.0
9359,2020,15730,1229,Luis Muriel,h,FW,1088.0,18.0,6.0,63.0,0.0,0.0,11.796756073832512,3.635276485234499,60.0,39.025544706732035,0.0
9740,2020,15736,1229,Luis Muriel,a,Sub,1157.0,18.0,6.0,66.0,0.0,0.0,11.897337794303894,3.7358942814171314,60.0,39.427907664328814,0.0
9994,2020,15746,1229,Luis Muriel,h,AMC,1187.0,18.0,6.0,70.0,0.0,0.0,12.605490744113922,3.7358942814171314,60.0,41.5523665137589,0.0
10233,2020,15756,1229,Luis Muriel,a,Sub,1249.0,19.0,7.0,76.0,0.0,0.0,13.995193302631378,4.2716627307236195,64.0,46.257242638617754,4.0
10561,2020,15766,1229,Luis Muriel,a,Sub,1278.0,19.0,7.0,77.0,0.0,0.0,14.756492137908936,4.31820572540164,64.0,48.58768213912845,0.0
10758,2020,15776,1229,Luis Muriel,h,AML,1322.0,21.0,8.0,80.0,0.0,0.0,16.06882119178772,4.643765460699797,71.0,52.850229036062956,7.0
11023,2020,15786,1229,Luis Muriel,a,Sub,1390.0,22.0,8.0,83.0,0.0,0.0,16.565265089273453,4.834439929574728,74.0,54.530235197395086,3.0
11566,2020,15801,1229,Luis Muriel,h,Sub,1391.0,22.0,8.0,83.0,0.0,0.0,16.565265089273453,4.834439929574728,74.0,54.530235197395086,0.0
