,season,matchId,playerId,player,homeOrAway,position,time,goals,assists,shots,yellowCard,redCard,xG,xA,bonus,xB,lastBonus
101,2020,14119,1580,Mattia Destro,h,FW,0.0,0.0,0.0,0.0,0.0,0.0,0.0,0.0,0.0,0.0,0.0
429,2020,14128,1580,Mattia Destro,a,FW,90.0,1.0,0.0,6.0,0.0,0.0,1.1449311971664429,0.0,3.0,3.4347935914993286,3.0
1803,2020,15448,1580,Mattia Destro,h,Sub,180.0,1.0,0.0,6.0,1.0,0.0,1.1449311971664429,0.0173220075666904,2.5,2.952115599066019,-0.5
2015,2020,15490,1580,Mattia Destro,h,Sub,181.0,1.0,0.0,6.0,1.0,0.0,1.1449311971664429,0.0173220075666904,2.5,2.952115599066019,0.0
2392,2020,15504,1580,Mattia Destro,a,Sub,188.0,1.0,0.0,8.0,1.0,0.0,1.2805530726909637,0.0173220075666904,2.5,3.3589812256395817,0.0
2711,2020,15510,1580,Mattia Destro,h,Sub,189.0,1.0,0.0,8.0,1.0,0.0,1.2805530726909637,0.0173220075666904,2.5,3.3589812256395817,0.0
3001,2020,15517,1580,Mattia Destro,a,Sub,190.0,1.0,0.0,8.0,1.0,0.0,1.2805530726909637,0.0173220075666904,2.5,3.3589812256395817,0.0
3263,2020,15530,1580,Mattia Destro,h,Sub,198.0,1.0,1.0,9.0,1.0,0.0,1.7506065964698792,0.3362785913050174,3.5,5.088098380714655,1.0
3439,2020,15538,1580,Mattia Destro,h,FW,221.0,1.0,1.0,9.0,1.0,0.0,1.7506065964698792,0.3362785913050174,3.5,5.088098380714655,0.0
3758,2020,15547,1580,Mattia Destro,a,FW,297.0,3.0,1.0,12.0,1.0,0.0,2.6395663022994995,0.3362785913050174,9.5,7.754977498203516,6.0
4193,2020,15563,1580,Mattia Destro,a,FW,370.0,3.0,1.0,12.0,1.0,0.0,2.6395663022994995,0.3701862692832946,9.5,7.788885176181793,0.0
4365,2020,15570,1580,Mattia Destro,h,FW,454.0,4.0,1.0,15.0,2.0,0.0,2.824121356010437,0.3701862692832946,12.0,7.842550337314606,2.5
4750,2020,15584,1580,Mattia Destro,a,Sub,517.0,5.0,1.0,18.0,3.0,0.0,3.6157346963882446,0.3701862692832946,14.5,9.717390358448029,2.5
4890,2020,15588,1580,Mattia Destro,h,FW,523.0,5.0,1.0,18.0,3.0,0.0,3.6157346963882446,0.3701862692832946,14.5,9.717390358448029,0.0
5684,2020,15608,1580,Mattia Destro,h,FW,609.0,6.0,1.0,20.0,3.0,0.0,4.0957615077495575,0.3701862692832946,17.5,11.157470792531967,3.0
5973,2020,15616,1580,Mattia Destro,a,FW,671.0,7.0,1.0,22.0,4.0,0.0,4.499628126621246,0.498579978942871,20.0,11.99746435880661,2.5
6239,2020,15630,1580,Mattia Destro,h,FW,744.0,9.0,1.0,25.0,4.0,0.0,5.177339255809784,0.498579978942871,26.0,14.030597746372223,6.0
6471,2020,15639,1580,Mattia Destro,a,FW,823.0,9.0,1.0,25.0,4.0,0.0,5.177339255809784,0.498579978942871,26.0,14.030597746372223,0.0
6817,2020,15655,1580,Mattia Destro,h,FW,901.0,9.0,1.0,26.0,4.0,0.0,5.241380803287029,0.498579978942871,26.0,14.222722388803959,0.0
7401,2020,15669,1580,Mattia Destro,h,FW,970.0,9.0,1.0,26.0,4.0,0.0,5.241380803287029,0.498579978942871,26.0,14.222722388803959,0.0
7692,2020,15680,1580,Mattia Destro,a,FW,1043.0,9.0,1.0,26.0,4.0,0.0,5.241380803287029,0.498579978942871,26.0,14.222722388803959,0.0
8241,2020,15699,1580,Mattia Destro,a,FW,1133.0,9.0,1.0,27.0,5.0,0.0,5.2922958098351955,0.498579978942871,25.5,13.875467408448458,-0.5
8563,2020,15707,1580,Mattia Destro,h,FW,1198.0,9.0,1.0,28.0,5.0,0.0,5.348274786025286,0.5616342946887015,25.5,14.106458652764559,0.0
9311,2020,15728,1580,Mattia Destro,a,FW,1268.0,10.0,1.0,30.0,5.0,0.0,6.130957204848528,0.5616342946887015,28.5,16.454505909234285,3.0
9540,2020,15737,1580,Mattia Destro,h,FW,1326.0,11.0,1.0,32.0,5.0,0.0,6.506775368005037,0.5616342946887015,31.5,17.581960398703814,3.0
9783,2020,15753,1580,Mattia Destro,h,FW,1398.0,11.0,1.0,34.0,5.0,0.0,6.864752788096666,0.5616342946887015,31.5,18.6558926589787,0.0
10198,2020,15760,1580,Mattia Destro,a,FW,1462.0,11.0,1.0,36.0,5.0,0.0,7.327789533883333,0.5616342946887015,31.5,20.0450028963387,0.0
10512,2020,15774,1580,Mattia Destro,h,FW,1508.0,11.0,1.0,36.0,5.0,0.0,7.327789533883333,0.5846969578415154,31.5,20.068065559491515,0.0
11003,2020,15786,1580,Mattia Destro,h,FW,1579.0,11.0,1.0,36.0,5.0,0.0,7.327789533883333,0.5846969578415154,31.5,20.068065559491515,0.0
