,season,matchId,playerId,player,homeOrAway,position,time,goals,assists,shots,yellowCard,redCard,xG,xA,bonus,xB,lastBonus
216,2020,14122,6974,Mattias Svanberg,a,Sub,0.0,0.0,0.0,0.0,0.0,0.0,0.0,0.0,0.0,0.0,0.0
765,2020,15451,6974,Mattias Svanberg,a,DMC,9.0,0.0,0.0,0.0,0.0,0.0,0.0,0.0738369077444076,0.0,0.0738369077444076,0.0
995,2020,15460,6974,Mattias Svanberg,h,MC,90.0,0.0,0.0,3.0,1.0,0.0,0.0413965992629528,0.5073156505823135,-0.5,0.1315054483711719,-0.5
1289,2020,15472,6974,Mattias Svanberg,a,DMC,157.0,1.0,0.0,5.0,2.0,0.0,0.3270390443503856,0.5554865114390849,2.0,0.5366036444902419,2.5
1545,2020,15476,6974,Mattias Svanberg,h,DMC,232.0,1.0,0.0,8.0,3.0,0.0,0.3995047397911548,0.5554865114390849,1.5,0.2540007308125495,-0.5
2075,2020,15488,6974,Mattias Svanberg,h,Sub,315.0,1.0,1.0,12.0,3.0,0.0,0.4835243560373782,0.5822612997144458,2.5,0.5328343678265809,1.0
2327,2020,15502,6974,Mattias Svanberg,a,MC,343.0,1.0,1.0,13.0,3.0,0.0,0.5264221541583536,0.5822612997144458,2.5,0.6615277621895073,0.0
2555,2020,15508,6974,Mattias Svanberg,h,DMC,412.0,1.0,1.0,13.0,3.0,0.0,0.5264221541583536,1.0591663774102924,2.5,1.1384328398853538,0.0
2813,2020,15518,6974,Mattias Svanberg,a,MC,490.0,1.0,1.0,13.0,3.0,0.0,0.5264221541583536,1.0591663774102924,2.5,1.1384328398853538,0.0
3196,2020,15527,6974,Mattias Svanberg,h,DMC,553.0,1.0,1.0,15.0,3.0,0.0,0.6157000847160814,1.1060073580592868,2.5,1.4531076122075317,0.0
3548,2020,15543,6974,Mattias Svanberg,a,Sub,601.0,1.0,1.0,16.0,3.0,0.0,0.6324189286679027,1.1060073580592868,2.5,1.5032641440629957,0.0
3726,2020,15555,6974,Mattias Svanberg,a,DMC,636.0,1.0,1.0,16.0,3.0,0.0,0.6324189286679027,1.1060073580592868,2.5,1.5032641440629957,0.0
4024,2020,15556,6974,Mattias Svanberg,h,Sub,714.0,1.0,1.0,19.0,4.0,0.0,0.7901800852268931,1.1060073580592868,2.0,1.4765476137399671,-0.5
4355,2020,15569,6974,Mattias Svanberg,a,Sub,738.0,1.0,1.0,20.0,4.0,0.0,0.8167001139372583,1.1060073580592868,2.0,1.556107699871063,0.0
4605,2020,15577,6974,Mattias Svanberg,h,DMC,740.0,1.0,1.0,20.0,4.0,0.0,0.8167001139372583,1.1060073580592868,2.0,1.556107699871063,0.0
5200,2020,15597,6974,Mattias Svanberg,h,Sub,788.0,2.0,1.0,24.0,4.0,1.0,1.294170273467898,1.4180662538856266,4.5,2.800577074289322,2.5
5664,2020,15609,6974,Mattias Svanberg,a,DMC,803.0,2.0,1.0,25.0,4.0,1.0,1.7859173547476526,1.4180662538856266,4.5,4.275818318128586,0.0
5841,2020,15619,6974,Mattias Svanberg,h,Sub,869.0,2.0,1.0,26.0,4.0,1.0,1.8007418401539321,1.4180662538856266,4.5,4.3202917743474245,0.0
6375,2020,15626,6974,Mattias Svanberg,a,DMC,892.0,2.0,1.0,27.0,4.0,1.0,1.8701912425458427,1.4180662538856266,4.5,4.528639981523156,0.0
6860,2020,15646,6974,Mattias Svanberg,a,DMC,959.0,2.0,1.0,29.0,5.0,1.0,1.9339522086083885,1.4180662538856266,4.0,4.2199228797107935,-0.5
7063,2020,15662,6974,Mattias Svanberg,h,DMC,992.0,2.0,1.0,30.0,5.0,1.0,1.9685472957789893,1.4180662538856266,4.0,4.323708141222596,0.0
7504,2020,15674,6974,Mattias Svanberg,a,DMC,1066.0,2.0,1.0,33.0,5.0,1.0,2.0751219801604743,1.457456914708018,4.0,4.682822855189443,0.0
7834,2020,15678,6974,Mattias Svanberg,a,DMC,1142.0,2.0,1.0,36.0,5.0,1.0,2.1990681104362007,1.4817202463746069,4.0,5.07892457768321,0.0
8035,2020,15692,6974,Mattias Svanberg,h,DMC,1219.0,2.0,1.0,39.0,5.0,1.0,2.320573668926954,1.4911319762468336,4.0,5.452852983027697,0.0
8268,2020,15697,6974,Mattias Svanberg,a,DMC,1303.0,3.0,2.0,42.0,5.0,1.0,2.8286133818328376,2.0892433673143387,8.0,7.575083512812853,4.0
8777,2020,15708,6974,Mattias Svanberg,h,Sub,1350.0,3.0,2.0,43.0,5.0,1.0,2.8864287622272964,2.0892433673143387,8.0,7.748529653996229,0.0
9091,2020,15717,6974,Mattias Svanberg,a,DMC,1369.0,3.0,2.0,44.0,5.0,1.0,3.155995804816484,2.0892433673143387,8.0,8.557230781763792,0.0
9383,2020,15733,6974,Mattias Svanberg,h,DMC,1438.0,3.0,2.0,46.0,5.0,1.0,3.7392863817512985,2.0892433673143387,8.0,10.307102512568235,0.0
9694,2020,15745,6974,Mattias Svanberg,h,Sub,1505.0,5.0,2.0,49.0,5.0,1.0,4.8738185949623585,2.653565064072609,14.0,14.275020848959684,6.0
10008,2020,15746,6974,Mattias Svanberg,a,MC,1535.0,5.0,2.0,50.0,5.0,1.0,4.89849460683763,2.653565064072609,14.0,14.3490488845855,0.0
10271,2020,15759,6974,Mattias Svanberg,h,MC,1599.0,5.0,2.0,51.0,5.0,1.0,4.931123500689864,2.6674160258844495,14.0,14.460786527954042,0.0
10407,2020,15767,6974,Mattias Svanberg,a,Sub,1689.0,5.0,2.0,51.0,6.0,1.0,4.931123500689864,2.7285459795966744,13.5,14.021916481666267,-0.5
10787,2020,15778,6974,Mattias Svanberg,h,DMC,1717.0,5.0,2.0,52.0,6.0,1.0,4.946934141218662,2.7285459795966744,13.5,14.069348403252661,0.0
11494,2020,15799,6974,Mattias Svanberg,h,DMC,1788.0,5.0,2.0,54.0,6.0,1.0,5.044136844575405,2.7285459795966744,13.5,14.36095651332289,0.0
