,season,matchId,playerId,player,homeOrAway,position,time,goals,assists,shots,yellowCard,redCard,xG,xA,bonus,xB,lastBonus
318,2020,14126,1409,Nicolò Barella,h,MC,0.0,0.0,0.0,0.0,0.0,0.0,0.0,0.0,0.0,0.0,0.0
556,2020,14133,1409,Nicolò Barella,a,Sub,77.0,0.0,1.0,1.0,1.0,0.0,0.019475869834423,0.1412069052457809,0.5,-0.3003654852509498,0.5
799,2020,15452,1409,Nicolò Barella,a,AMC,114.0,0.0,1.0,3.0,1.0,0.0,0.5175822898745536,0.2388350889086722,0.5,1.2915819585323334,0.0
907,2020,15457,1409,Nicolò Barella,h,MC,204.0,0.0,1.0,4.0,2.0,0.0,0.5919633284211158,0.4867277070879935,0.0,1.2626176923513412,-0.5
1264,2020,15470,1409,Nicolò Barella,a,Sub,294.0,0.0,1.0,6.0,2.0,0.0,0.727600835263729,0.5218667574226855,0.0,1.704669263213873,0.0
1514,2020,15478,1409,Nicolò Barella,h,MC,326.0,0.0,2.0,7.0,2.0,0.0,0.8063687235116956,1.0716967172920704,1.0,2.490802887827158,1.0
1992,2020,15486,1409,Nicolò Barella,a,MC,406.0,0.0,3.0,8.0,2.0,0.0,0.8259273879230019,1.7336600609123707,2.0,3.2114422246813774,1.0
2252,2020,15498,1409,Nicolò Barella,h,MC,496.0,0.0,3.0,10.0,2.0,0.0,0.9016973488032815,1.7336600609123707,2.0,3.438752107322216,0.0
2447,2020,15514,1409,Nicolò Barella,a,MC,586.0,0.0,3.0,10.0,2.0,0.0,0.9016973488032815,1.7495853696018457,2.0,3.454677416011691,0.0
2801,2020,15518,1409,Nicolò Barella,h,Sub,672.0,0.0,3.0,11.0,2.0,0.0,0.9343588538467881,1.7495853696018457,2.0,3.552661931142211,0.0
3150,2020,15528,1409,Nicolò Barella,a,MC,691.0,0.0,3.0,11.0,2.0,0.0,0.9343588538467881,1.7495853696018457,2.0,3.552661931142211,0.0
3466,2020,15539,1409,Nicolò Barella,h,MC,781.0,1.0,4.0,14.0,2.0,0.0,1.0941847451031204,2.278758028522134,6.0,4.561312263831496,4.0
3803,2020,15550,1409,Nicolò Barella,h,MC,871.0,1.0,4.0,14.0,2.0,0.0,1.0941847451031204,2.748251596465707,6.0,5.030805831775069,0.0
4005,2020,15565,1409,Nicolò Barella,a,MC,961.0,1.0,4.0,14.0,2.0,0.0,1.0941847451031204,2.748251596465707,6.0,5.030805831775069,0.0
4238,2020,15571,1409,Nicolò Barella,h,MC,1051.0,1.0,4.0,16.0,2.0,0.0,1.1222540438175197,2.748251596465707,6.0,5.115013727918267,0.0
4713,2020,15583,1409,Nicolò Barella,a,MC,1122.0,1.0,4.0,17.0,2.0,0.0,1.1640381887555118,2.7684942446649075,6.0,5.260608810931444,0.0
4964,2020,15592,1409,Nicolò Barella,a,MC,1206.0,1.0,4.0,17.0,3.0,0.0,1.1640381887555118,2.8297318927943707,5.5,4.821846459060907,-0.5
5410,2020,15600,1409,Nicolò Barella,h,MC,1296.0,1.0,4.0,17.0,3.0,0.0,1.1640381887555118,2.9270338602364063,5.5,4.919148426502943,0.0
5604,2020,15614,1409,Nicolò Barella,a,MC,1386.0,2.0,5.0,19.0,4.0,0.0,1.4922096505761142,3.20266504958272,9.0,5.679294001311064,3.5
5893,2020,15624,1409,Nicolò Barella,h,MC,1476.0,2.0,5.0,20.0,4.0,0.0,1.510596219450235,3.20266504958272,9.0,5.734453707933426,0.0
6126,2020,15629,1409,Nicolò Barella,a,MC,1540.0,2.0,5.0,21.0,4.0,0.0,1.5541182830929752,3.3715955950319767,9.0,6.0339504443109035,0.0
6661,2020,15641,1409,Nicolò Barella,h,MC,1630.0,3.0,5.0,24.0,4.0,0.0,2.0386497452855106,3.598036576062441,12.0,7.713985811918974,3.0
6924,2020,15648,1409,Nicolò Barella,a,MC,1720.0,3.0,5.0,24.0,4.0,0.0,2.0386497452855106,3.598036576062441,12.0,7.713985811918974,0.0
7213,2020,15660,1409,Nicolò Barella,h,MC,1807.0,3.0,5.0,25.0,4.0,0.0,2.068567788228392,3.802422795444727,12.0,8.008126160129905,0.0
7568,2020,15666,1409,Nicolò Barella,a,MC,1893.0,3.0,5.0,27.0,4.0,0.0,2.136033853515982,4.724505934864283,12.0,9.13260749541223,0.0
7850,2020,15676,1409,Nicolò Barella,h,MC,1983.0,3.0,5.0,27.0,4.0,0.0,2.136033853515982,4.794586893171072,12.0,9.20268845371902,0.0
8083,2020,15688,1409,Nicolò Barella,a,MC,2073.0,3.0,5.0,27.0,4.0,0.0,2.136033853515982,4.794586893171072,12.0,9.20268845371902,0.0
8788,2020,15708,1409,Nicolò Barella,a,MC,2163.0,3.0,5.0,29.0,4.0,0.0,2.1849493663758035,4.938674475997686,12.0,9.493522575125098,0.0
8834,2020,15703,1409,Nicolò Barella,h,MC,2253.0,3.0,5.0,30.0,4.0,0.0,2.23538870178163,5.059915643185377,12.0,9.766081748530269,0.0
9462,2020,15729,1409,Nicolò Barella,a,MC,2343.0,3.0,5.0,30.0,5.0,0.0,2.23538870178163,5.0981425344944,11.5,9.304308639839292,-0.5
9616,2020,15740,1409,Nicolò Barella,a,MC,2433.0,3.0,5.0,30.0,5.0,0.0,2.23538870178163,5.0981425344944,11.5,9.304308639839292,0.0
9930,2020,15755,1409,Nicolò Barella,h,MC,2523.0,3.0,5.0,33.0,5.0,0.0,2.322458846494555,5.0981425344944,11.5,9.565519073978066,0.0
10136,2020,15761,1409,Nicolò Barella,a,MC,2613.0,3.0,5.0,33.0,5.0,0.0,2.322458846494555,5.0981425344944,11.5,9.565519073978066,0.0
10453,2020,15773,1409,Nicolò Barella,h,Sub,2703.0,3.0,6.0,33.0,5.0,0.0,2.322458846494555,5.855170398950577,12.5,10.322546938434243,1.0
10911,2020,15782,1409,Nicolò Barella,h,MC,2732.0,3.0,7.0,34.0,5.0,0.0,2.350820161402225,5.978034526109695,13.5,10.530495010316372,1.0
11078,2020,15790,1409,Nicolò Barella,a,MC,2822.0,3.0,7.0,35.0,5.0,0.0,2.380312146618962,5.978034526109695,13.5,10.618970965966582,0.0
