,season,matchId,playerId,player,homeOrAway,position,time,goals,assists,shots,yellowCard,redCard,xG,xA,bonus,xB,lastBonus
82,2020,14118,1386,Piotr Zielinski,a,MC,0.0,0.0,0.0,0.0,0.0,0.0,0.0,0.0,0.0,0.0,0.0
408,2020,14128,1386,Piotr Zielinski,h,DMC,88.0,0.0,0.0,0.0,0.0,0.0,0.0,0.0,0.0,0.0,0.0
1675,2020,15479,1386,Piotr Zielinski,h,Sub,163.0,1.0,1.0,1.0,0.0,0.0,0.1190217807888984,0.1961707174777984,4.0,0.5532360598444939,4.0
2088,2020,15488,1386,Piotr Zielinski,a,Sub,174.0,1.0,1.0,1.0,0.0,0.0,0.1190217807888984,0.2124561835080384,4.0,0.5695215258747338,0.0
2407,2020,15500,1386,Piotr Zielinski,h,Sub,188.0,1.0,1.0,2.0,0.0,0.0,0.16895493865013111,0.2124561835080384,4.0,0.719320999458432,0.0
2646,2020,15513,1386,Piotr Zielinski,h,MC,219.0,1.0,1.0,2.0,0.0,0.0,0.16895493865013111,0.24061347357928742,4.0,0.747478289529681,0.0
2935,2020,15516,1386,Piotr Zielinski,a,AMC,299.0,1.0,1.0,4.0,0.0,0.0,0.22085163742303832,0.3555980157107113,4.0,1.0181529279798267,0.0
3230,2020,15533,1386,Piotr Zielinski,h,AMC,370.0,1.0,2.0,5.0,0.0,0.0,0.3291704803705213,0.42684223316609843,5.0,1.414353674277663,1.0
3481,2020,15539,1386,Piotr Zielinski,a,AMC,448.0,1.0,2.0,8.0,0.0,0.0,0.41459530591964694,0.45540696941316106,5.0,1.6991928871721027,0.0
3914,2020,15551,1386,Piotr Zielinski,a,AMC,524.0,1.0,2.0,11.0,0.0,0.0,0.6088466942310331,1.0386959966272113,5.0,2.8652360793203115,0.0
4081,2020,15560,1386,Piotr Zielinski,h,AMC,614.0,1.0,2.0,14.0,0.0,0.0,0.7019750028848645,1.106985045596957,5.0,3.2129100542515516,0.0
4318,2020,15568,1386,Piotr Zielinski,a,AMC,704.0,1.0,3.0,19.0,0.0,0.0,1.0098383575677867,1.1892075967043636,6.0,4.218722669407725,1.0
4793,2020,15582,1386,Piotr Zielinski,h,AMC,782.0,3.0,3.0,25.0,1.0,0.0,1.6768927723169322,1.280325999483466,11.5,5.811004316434264,5.5
5025,2020,15594,1386,Piotr Zielinski,a,AMC,859.0,3.0,3.0,27.0,1.0,0.0,1.7118101753294463,1.9563202168792484,11.5,6.591750742867589,0.0
5286,2020,15602,1386,Piotr Zielinski,h,AMC,949.0,3.0,3.0,28.0,1.0,0.0,1.7755792103707786,2.0356685202568765,11.5,6.862406151369214,0.0
5727,2020,15615,1386,Piotr Zielinski,a,AMC,1024.0,4.0,3.0,29.0,1.0,0.0,1.8187517002224918,2.0356685202568765,14.5,6.991923620924354,3.0
6047,2020,15620,1386,Piotr Zielinski,h,MC,1109.0,4.0,3.0,29.0,1.0,0.0,1.8187517002224918,2.0356685202568765,14.5,6.991923620924354,0.0
6250,2020,15630,1386,Piotr Zielinski,a,MC,1179.0,4.0,3.0,29.0,1.0,0.0,1.8187517002224918,2.064378213137388,14.5,7.020633313804865,0.0
6482,2020,15640,1386,Piotr Zielinski,h,DMC,1233.0,4.0,3.0,32.0,1.0,0.0,1.9206254184246059,2.1083883121609683,14.5,7.370264567434788,0.0
6957,2020,15649,1386,Piotr Zielinski,a,AMC,1300.0,4.0,3.0,32.0,1.0,0.0,1.9206254184246059,2.128737518563866,14.5,7.390613773837686,0.0
7246,2020,15657,1386,Piotr Zielinski,h,AMC,1385.0,5.0,3.0,33.0,1.0,0.0,2.399455517530441,2.128737518563866,17.5,8.82710407115519,3.0
7354,2020,15667,1386,Piotr Zielinski,a,AMC,1467.0,5.0,3.0,37.0,1.0,0.0,2.5494790524244304,2.1845908705145116,17.5,9.333028027787805,0.0
7821,2020,15678,1386,Piotr Zielinski,h,AMC,1554.0,6.0,3.0,39.0,1.0,0.0,2.618362925946712,2.2028341293334956,20.5,9.557922907173634,3.0
8178,2020,15690,1386,Piotr Zielinski,a,AMC,1634.0,6.0,5.0,39.0,1.0,0.0,2.618362925946712,2.6387345194816585,22.5,9.993823297321796,2.0
8483,2020,15702,1386,Piotr Zielinski,a,AMC,1710.0,6.0,6.0,41.0,1.0,0.0,2.837642945349216,3.1388586759567256,23.5,11.151787512004375,1.0
8536,2020,15706,1386,Piotr Zielinski,h,Sub,1784.0,6.0,6.0,43.0,2.0,0.0,2.98328798264265,3.1388586759567256,23.0,11.088722623884678,-0.5
8818,2020,15455,1386,Piotr Zielinski,a,AMC,1801.0,6.0,6.0,44.0,2.0,0.0,3.0805991664528842,3.1698762401938434,23.0,11.411673739552498,0.0
9062,2020,15723,1386,Piotr Zielinski,a,AMC,1891.0,6.0,6.0,46.0,2.0,0.0,3.2276867553591724,3.23571865260601,23.0,11.918778918683529,0.0
9448,2020,15729,1386,Piotr Zielinski,h,AMC,1965.0,6.0,7.0,49.0,2.0,0.0,3.6795194968581195,3.4158443510532375,24.0,13.454402841627598,1.0
9749,2020,15741,1386,Piotr Zielinski,h,AMC,2054.0,6.0,7.0,50.0,2.0,0.0,3.7162467315793033,3.4158443510532375,24.0,13.56458454579115,0.0
10042,2020,15750,1386,Piotr Zielinski,a,AMC,2139.0,6.0,8.0,50.0,2.0,0.0,3.7162467315793033,3.486681684851646,25.0,13.635421879589558,1.0
10243,2020,15758,1386,Piotr Zielinski,h,AMC,2200.0,6.0,8.0,52.0,2.0,0.0,3.7641030400991435,3.771565809845924,25.0,14.063874930143356,0.0
10434,2020,15772,1386,Piotr Zielinski,a,FW,2282.0,6.0,8.0,54.0,2.0,0.0,3.9205725193023677,4.477488711476326,25.0,15.23920626938343,0.0
10696,2020,15784,1386,Piotr Zielinski,h,AMC,2353.0,7.0,9.0,55.0,2.0,0.0,4.381223976612091,4.744416460394859,29.0,16.888088390231133,4.0
11140,2020,15792,1386,Piotr Zielinski,a,AMC,2430.0,8.0,10.0,57.0,2.0,0.0,4.830489128828049,5.4351645559072495,33.0,18.926631942391396,4.0
11621,2020,15805,1386,Piotr Zielinski,h,AMC,2507.0,8.0,10.0,59.0,2.0,0.0,4.895658858120441,5.906049355864525,33.0,19.59302593022585,0.0
