,season,matchId,playerId,player,homeOrAway,position,time,goals,assists,shots,yellowCard,redCard,xG,xA,bonus,xB,lastBonus
463,2020,14130,7193,Rafael Leão,a,Sub,0.0,0.0,0.0,0.0,0.0,0.0,0.0,0.0,0.0,0.0,0.0
846,2020,15454,7193,Rafael Leão,h,AML,4.0,0.0,0.0,1.0,1.0,0.0,0.2422681152820587,0.1097399666905403,-0.5,0.3365443125367164,-0.5
923,2020,15457,7193,Rafael Leão,a,AML,90.0,2.0,0.0,4.0,1.0,0.0,1.7511782944202423,0.1097399666905403,5.5,4.863274849951267,6.0
1462,2020,15473,7193,Rafael Leão,h,AML,154.0,2.0,1.0,5.0,1.0,0.0,1.7838878706097603,0.5171623602509497,6.5,5.368825972080231,1.0
1594,2020,15484,7193,Rafael Leão,a,AML,226.0,2.0,3.0,5.0,2.0,0.0,1.7838878706097603,1.3710610046982765,8.0,5.722724616527557,1.5
2100,2020,15492,7193,Rafael Leão,h,AML,298.0,2.0,3.0,5.0,2.0,0.0,1.7838878706097603,1.824167586863041,8.0,6.175831198692322,0.0
3293,2020,15532,7193,Rafael Leão,h,Sub,376.0,2.0,3.0,9.0,2.0,0.0,2.074925549328327,1.8886935785412788,8.0,7.11347022652626,0.0
3452,2020,15538,7193,Rafael Leão,a,AMR,417.0,2.0,3.0,9.0,2.0,0.0,2.074925549328327,1.9870198294520378,8.0,7.211796477437019,0.0
3854,2020,15554,7193,Rafael Leão,a,FW,507.0,2.0,3.0,9.0,3.0,0.0,2.074925549328327,2.2660070285201073,7.5,6.990783676505089,-0.5
4052,2020,15559,7193,Rafael Leão,h,FW,597.0,3.0,3.0,11.0,3.0,0.0,2.487387962639332,2.306154128164053,10.5,8.268318016082048,3.0
4501,2020,15567,7193,Rafael Leão,a,FW,680.0,3.0,3.0,13.0,3.0,0.0,2.6434430107474327,2.306154128164053,10.5,8.736483160406351,0.0
4826,2020,15581,7193,Rafael Leão,h,FW,770.0,4.0,3.0,15.0,4.0,0.0,2.711089700460434,2.7456730864942074,13.0,8.87894218787551,2.5
4922,2020,15590,7193,Rafael Leão,h,FW,860.0,4.0,4.0,18.0,4.0,0.0,2.8511921614408493,2.889017041772604,14.0,9.442593526095152,1.0
5560,2020,15611,7193,Rafael Leão,h,AML,948.0,5.0,4.0,19.0,5.0,0.0,3.2061149030923843,3.2348010800778866,16.5,10.35314578935504,2.5
5850,2020,15619,7193,Rafael Leão,a,AMC,1018.0,5.0,4.0,19.0,5.0,0.0,3.2061149030923843,3.2348010800778866,16.5,10.35314578935504,0.0
6299,2020,15628,7193,Rafael Leão,h,AMC,1091.0,5.0,4.0,22.0,5.0,0.0,3.365529477596283,3.2348010800778866,16.5,10.831389512866735,0.0
6526,2020,15642,7193,Rafael Leão,a,AML,1153.0,5.0,5.0,25.0,5.0,0.0,3.672089993953705,3.626787092536688,17.5,12.143057074397802,1.0
6916,2020,15648,7193,Rafael Leão,h,Sub,1217.0,5.0,5.0,25.0,5.0,0.0,3.672089993953705,3.626787092536688,17.5,12.143057074397802,0.0
7294,2020,15663,7193,Rafael Leão,a,Sub,1239.0,5.0,5.0,25.0,5.0,0.0,3.672089993953705,3.649206291884184,17.5,12.165476273745298,0.0
7430,2020,15672,7193,Rafael Leão,h,FW,1272.0,5.0,5.0,26.0,5.0,0.0,3.766467921435833,3.649206291884184,17.5,12.448610056191683,0.0
7724,2020,15682,7193,Rafael Leão,a,FW,1362.0,5.0,5.0,28.0,5.0,0.0,3.9049119874835014,3.649206291884184,17.5,12.863942254334688,0.0
8164,2020,15690,7193,Rafael Leão,h,FW,1452.0,5.0,5.0,30.0,5.0,0.0,4.373594008386135,3.801389943808317,17.5,14.422171968966722,0.0
8912,2020,15722,7193,Rafael Leão,a,Sub,1532.0,5.0,5.0,34.0,5.0,0.0,5.448920331895351,3.801389943808317,17.5,17.64815093949437,0.0
9295,2020,15728,7193,Rafael Leão,h,FW,1538.0,6.0,5.0,35.0,5.0,0.0,5.878797315061092,3.85960703343153,20.5,18.995998978614807,3.0
9509,2020,15744,7193,Rafael Leão,h,FW,1602.0,6.0,5.0,37.0,5.0,0.0,6.001462832093239,3.85960703343153,20.5,19.363995529711246,0.0
10081,2020,15749,7193,Rafael Leão,a,Sub,1692.0,6.0,5.0,40.0,5.0,0.0,6.169404625892639,4.1535599157214165,20.5,20.161773793399334,0.0
10151,2020,15757,7193,Rafael Leão,h,AML,1718.0,6.0,5.0,40.0,5.0,0.0,6.169404625892639,4.198358960449696,20.5,20.206572838127613,0.0
10872,2020,15780,7193,Rafael Leão,a,Sub,1797.0,6.0,5.0,42.0,5.0,0.0,6.621682673692703,4.302189499139786,20.5,21.667237520217896,0.0
11250,2020,15788,7193,Rafael Leão,h,Sub,1815.0,6.0,6.0,42.0,5.0,0.0,6.621682673692703,4.86270472407341,21.5,22.22775274515152,1.0
11577,2020,15801,7193,Rafael Leão,a,FW,1858.0,6.0,6.0,42.0,5.0,0.0,6.621682673692703,4.86270472407341,21.5,22.22775274515152,0.0
