,season,matchId,playerId,player,homeOrAway,position,time,goals,assists,shots,yellowCard,redCard,xG,xA,bonus,xB,lastBonus
689,2020,15449,1723,Roberto Pereyra,h,MC,0.0,0.0,0.0,0.0,0.0,0.0,0.0,0.0,0.0,0.0,0.0
1090,2020,15463,1723,Roberto Pereyra,h,MC,86.0,0.0,0.0,2.0,0.0,0.0,0.3251959681510925,0.0,0.0,0.9755879044532776,0.0
1415,2020,15469,1723,Roberto Pereyra,a,MC,165.0,0.0,0.0,2.0,0.0,0.0,0.3251959681510925,0.0,0.0,0.9755879044532776,0.0
1576,2020,15484,1723,Roberto Pereyra,h,MC,248.0,0.0,0.0,3.0,0.0,0.0,0.33924177940934885,0.0,0.0,1.017725338228047,0.0
1841,2020,15494,1723,Roberto Pereyra,a,MC,330.0,0.0,0.0,4.0,0.0,0.0,0.35504057165235264,0.1374198794364929,0.0,1.2025415943935513,0.0
2374,2020,15504,1723,Roberto Pereyra,h,MC,420.0,0.0,0.0,4.0,0.0,0.0,0.35504057165235264,0.1374198794364929,0.0,1.2025415943935513,0.0
2542,2020,15511,1723,Roberto Pereyra,a,MC,510.0,0.0,1.0,4.0,0.0,0.0,0.35504057165235264,0.2038926258683204,1.0,1.269014340825379,1.0
3087,2020,15535,1723,Roberto Pereyra,a,MC,600.0,0.0,2.0,4.0,1.0,0.0,0.35504057165235264,0.2186273410916327,1.5,0.7837490560486913,0.5
3320,2020,15544,1723,Roberto Pereyra,h,MC,683.0,0.0,4.0,4.0,2.0,0.0,0.35504057165235264,0.7752788737416266,3.0,0.8404005886986851,1.5
3786,2020,15548,1723,Roberto Pereyra,a,MC,773.0,0.0,4.0,4.0,2.0,0.0,0.35504057165235264,0.8352311812341211,3.0,0.9003528961911795,0.0
4208,2020,15564,1723,Roberto Pereyra,h,MC,851.0,0.0,4.0,4.0,3.0,0.0,0.35504057165235264,1.2643040381371973,2.5,0.8294257530942557,-0.5
4529,2020,15572,1723,Roberto Pereyra,a,MC,941.0,0.0,4.0,4.0,3.0,0.0,0.35504057165235264,1.2821543142199514,2.5,0.8472760291770098,0.0
4623,2020,15577,1723,Roberto Pereyra,a,MC,1017.0,0.0,4.0,4.0,3.0,0.0,0.35504057165235264,1.2821543142199514,2.5,0.8472760291770098,0.0
5012,2020,15594,1723,Roberto Pereyra,h,AMC,1107.0,1.0,4.0,6.0,3.0,0.0,0.8931573843583462,1.2821543142199514,5.5,2.461626467294991,3.0
5272,2020,15603,1723,Roberto Pereyra,a,AMC,1197.0,1.0,4.0,7.0,3.0,0.0,0.959182231687009,1.3677955716848371,5.5,2.7453422667458653,0.0
5470,2020,15524,1723,Roberto Pereyra,h,AMC,1287.0,1.0,4.0,8.0,3.0,0.0,1.0719232549890871,1.4328765273094175,5.5,3.1486462922766805,0.0
5588,2020,15614,1723,Roberto Pereyra,h,MC,1377.0,2.0,4.0,10.0,4.0,0.0,1.4027155330404635,1.4328765273094175,8.0,3.6410231264308095,2.5
5943,2020,15622,1723,Roberto Pereyra,a,AMC,1467.0,2.0,4.0,11.0,4.0,0.0,1.4661164050921793,1.5192357674241064,8.0,3.917584982700646,0.0
6330,2020,15635,1723,Roberto Pereyra,h,AMC,1557.0,2.0,4.0,12.0,4.0,0.0,1.7681677704676981,1.5192357674241064,8.0,4.823739078827202,0.0
6896,2020,15654,1723,Roberto Pereyra,a,FW,1606.0,2.0,4.0,12.0,4.0,0.0,1.7681677704676981,1.6661304756999014,8.0,4.970633787102997,0.0
7444,2020,15672,1723,Roberto Pereyra,a,AMC,1696.0,2.0,4.0,13.0,5.0,0.0,1.8332670247182246,1.7196626365184782,7.5,4.719463710673153,-0.5
7615,2020,15684,1723,Roberto Pereyra,h,FW,1780.0,2.0,4.0,14.0,5.0,0.0,1.92893851455301,2.2078613340854645,7.5,5.494676877744496,0.0
8025,2020,15694,1723,Roberto Pereyra,a,FW,1870.0,3.0,4.0,15.0,5.0,0.0,2.3195389574393626,2.6612726151943207,10.5,7.11988948751241,3.0
8350,2020,15700,1723,Roberto Pereyra,h,FW,1960.0,3.0,4.0,17.0,5.0,0.0,2.4211582830175753,3.26518777012825,10.5,8.028662619180977,0.0
8696,2020,15714,1723,Roberto Pereyra,a,MC,2050.0,3.0,4.0,17.0,5.0,0.0,2.4211582830175753,3.3360500931739807,10.5,8.099524942226708,0.0
8925,2020,15725,1723,Roberto Pereyra,h,AMC,2140.0,4.0,4.0,18.0,6.0,0.0,2.4932325398549433,3.3360500931739807,13.0,7.815747712738812,2.5
9185,2020,15734,1723,Roberto Pereyra,a,MC,2230.0,4.0,4.0,19.0,6.0,0.0,2.5474815657362337,3.3360500931739807,13.0,7.978494790382683,0.0
9569,2020,15738,1723,Roberto Pereyra,h,MC,2320.0,4.0,5.0,20.0,7.0,0.0,2.6059528542682524,3.5231298357248306,13.5,7.840988398529589,0.5
9889,2020,15754,1723,Roberto Pereyra,a,AMC,2409.0,4.0,5.0,22.0,7.0,0.0,2.6283428752794857,3.5655397213995457,13.5,7.950568347238004,0.0
10301,2020,15762,1723,Roberto Pereyra,h,AMC,2499.0,4.0,7.0,23.0,7.0,0.0,3.1209343159571286,3.7833378352224827,15.5,9.64614078309387,2.0
10389,2020,15767,1723,Roberto Pereyra,h,AMC,2589.0,4.0,7.0,24.0,8.0,0.0,3.156023942865431,3.8057513162493706,15.0,9.273823144845665,-0.5
10713,2020,15784,1723,Roberto Pereyra,a,AMC,2679.0,4.0,7.0,24.0,8.0,0.0,3.156023942865431,3.953679569065571,15.0,9.421751397661865,0.0
11186,2020,15793,1723,Roberto Pereyra,h,AMC,2769.0,4.0,7.0,25.0,8.0,0.0,3.2468218440189953,3.9647074099630117,15.0,9.705172942019999,0.0
11450,2020,15804,1723,Roberto Pereyra,a,AMC,2859.0,4.0,7.0,27.0,8.0,0.0,3.376438596285879,3.988119537010789,15.0,10.117435325868428,0.0
