,season,matchId,playerId,player,homeOrAway,position,time,goals,assists,shots,yellowCard,redCard,xG,xA,bonus,xB,lastBonus
245,2020,14123,7947,Ruslan Malinovskiy,a,Sub,0.0,0.0,0.0,0.0,0.0,0.0,0.0,0.0,0.0,0.0,0.0
614,2020,14135,7947,Ruslan Malinovskiy,a,AMC,25.0,0.0,0.0,1.0,0.0,0.0,0.0495945513248443,0.1199633181095123,0.0,0.2687469720840454,0.0
724,2020,15450,7947,Ruslan Malinovskiy,h,Sub,115.0,0.0,1.0,2.0,0.0,0.0,0.07558774203062049,0.4879014790058135,1.0,0.7146647050976753,1.0
899,2020,15456,7947,Ruslan Malinovskiy,a,Sub,140.0,0.0,1.0,5.0,0.0,0.0,0.23524656146764739,0.4879014790058135,1.0,1.1936411634087563,0.0
1220,2020,15466,7947,Ruslan Malinovskiy,h,Sub,166.0,0.0,1.0,6.0,0.0,0.0,0.2545590307563541,0.5059541929513215,1.0,1.2696312852203846,0.0
1499,2020,15477,7947,Ruslan Malinovskiy,a,MC,192.0,0.0,1.0,6.0,1.0,0.0,0.2545590307563541,0.5059541929513215,0.5,0.7696312852203846,-0.5
1979,2020,15486,7947,Ruslan Malinovskiy,h,AMC,281.0,0.0,2.0,9.0,1.0,0.0,0.6810636129230259,1.858929680660367,1.5,3.4021205194294453,1.0
3166,2020,15526,7947,Ruslan Malinovskiy,h,AMC,340.0,0.0,2.0,12.0,1.0,0.0,0.8087147679179905,1.8865283634513617,1.5,3.8126726672053337,0.0
3393,2020,15540,7947,Ruslan Malinovskiy,a,FW,415.0,1.0,2.0,15.0,1.0,0.0,1.0017834510654209,2.013354232534766,4.5,4.5187045857310295,3.0
3867,2020,15546,7947,Ruslan Malinovskiy,h,AMC,488.0,1.0,2.0,19.0,1.0,0.0,1.1529372986406086,2.013354232534766,4.5,4.972166128456593,0.0
4038,2020,15556,7947,Ruslan Malinovskiy,a,Sub,573.0,1.0,2.0,23.0,2.0,0.0,1.375109991058707,2.032080564647913,4.0,5.157410537824035,-0.5
4278,2020,15566,7947,Ruslan Malinovskiy,h,Sub,578.0,1.0,2.0,24.0,2.0,0.0,1.396554624661803,2.032080564647913,4.0,5.221744438633323,0.0
4584,2020,15576,7947,Ruslan Malinovskiy,h,Sub,605.0,1.0,2.0,24.0,2.0,0.0,1.396554624661803,2.0873344875872135,4.0,5.276998361572623,0.0
4878,2020,15586,7947,Ruslan Malinovskiy,a,Sub,635.0,1.0,2.0,25.0,2.0,0.0,1.4252011105418203,2.408938053995371,4.0,5.684541385620832,0.0
5381,2020,15596,7947,Ruslan Malinovskiy,h,AMC,661.0,1.0,3.0,25.0,2.0,0.0,1.4252011105418203,2.960931722074747,5.0,6.236535053700209,1.0
5484,2020,15524,7947,Ruslan Malinovskiy,a,AMC,727.0,1.0,3.0,27.0,2.0,0.0,1.5396135374903677,3.0583819560706615,5.0,6.677222568541765,0.0
5578,2020,15611,7947,Ruslan Malinovskiy,a,Sub,811.0,1.0,3.0,30.0,2.0,0.0,1.6642687767744062,3.2887307070195675,5.0,7.281537037342787,0.0
5995,2020,15618,7947,Ruslan Malinovskiy,h,Sub,812.0,1.0,3.0,30.0,2.0,0.0,1.6642687767744062,3.2887307070195675,5.0,7.281537037342787,0.0
6175,2020,15634,7947,Ruslan Malinovskiy,h,AMC,856.0,1.0,3.0,31.0,2.0,0.0,1.7678560242056844,3.2887307070195675,5.0,7.5922987796366215,0.0
6591,2020,15636,7947,Ruslan Malinovskiy,a,Sub,936.0,1.0,3.0,31.0,2.0,0.0,1.7678560242056844,3.3459299132227898,5.0,7.649497985839844,0.0
6946,2020,15649,7947,Ruslan Malinovskiy,h,Sub,941.0,1.0,3.0,31.0,2.0,0.0,1.7678560242056844,3.3459299132227898,5.0,7.649497985839844,0.0
7143,2020,15656,7947,Ruslan Malinovskiy,a,FW,942.0,1.0,3.0,31.0,2.0,0.0,1.7678560242056844,3.3459299132227898,5.0,7.649497985839844,0.0
7523,2020,15675,7947,Ruslan Malinovskiy,h,AMC,1025.0,2.0,3.0,34.0,2.0,0.0,1.8932458236813543,3.600324623286724,8.0,8.280062094330788,3.0
7868,2020,15676,7947,Ruslan Malinovskiy,a,AMC,1089.0,2.0,3.0,37.0,2.0,0.0,2.3159139230847354,3.690535731613636,8.0,9.638277500867844,0.0
7919,2020,15693,7947,Ruslan Malinovskiy,h,Sub,1136.0,2.0,3.0,37.0,2.0,0.0,2.3159139230847354,3.878245510160923,8.0,9.82598727941513,0.0
8332,2020,15696,7947,Ruslan Malinovskiy,a,AMR,1160.0,2.0,3.0,38.0,2.0,0.0,2.462547071278095,4.124619923532009,8.0,10.512261137366295,0.0
8678,2020,15714,7947,Ruslan Malinovskiy,h,MR,1248.0,3.0,4.0,41.0,2.0,0.0,3.3324369266629215,4.736934028565884,12.0,13.73424480855465,4.0
9120,2020,15716,7947,Ruslan Malinovskiy,a,MR,1326.0,3.0,6.0,45.0,2.0,0.0,3.4968816414475437,6.105591736733913,14.0,15.596236661076546,2.0
9362,2020,15730,7947,Ruslan Malinovskiy,h,Sub,1392.0,3.0,8.0,47.0,2.0,0.0,3.5687439814209934,6.599186889827251,16.0,16.305418834090233,2.0
9736,2020,15736,7947,Ruslan Malinovskiy,a,AMC,1409.0,4.0,8.0,49.0,3.0,0.0,3.625010725110769,6.599186889827251,18.5,15.97421906515956,2.5
9995,2020,15746,7947,Ruslan Malinovskiy,h,AMC,1469.0,5.0,8.0,53.0,3.0,0.0,4.187075432389975,7.076176606118679,21.5,18.137402903288603,3.0
10231,2020,15756,7947,Ruslan Malinovskiy,a,FW,1541.0,6.0,9.0,57.0,3.0,0.0,4.649810817092657,8.051627598702908,25.5,20.50106004998088,4.0
10559,2020,15766,7947,Ruslan Malinovskiy,a,AMC,1631.0,6.0,10.0,59.0,3.0,0.0,4.739852640777826,8.998378835618496,26.5,21.717936757951975,1.0
10756,2020,15776,7947,Ruslan Malinovskiy,h,AMR,1689.0,7.0,10.0,61.0,3.0,0.0,4.85211031511426,9.073531165719032,29.5,22.12986211106181,3.0
11019,2020,15786,7947,Ruslan Malinovskiy,a,AMC,1749.0,7.0,11.0,61.0,3.0,0.0,4.85211031511426,9.472108617424965,30.5,22.528439562767744,1.0
11560,2020,15801,7947,Ruslan Malinovskiy,h,AMC,1806.0,8.0,12.0,63.0,3.0,0.0,5.3532742746174335,10.1851157695055,34.5,24.7449385933578,4.0
