,season,matchId,playerId,player,homeOrAway,position,time,goals,assists,shots,yellowCard,redCard,xG,xA,bonus,xB,lastBonus
489,2020,14131,1804,Álvaro Morata,a,FW,0.0,0.0,0.0,0.0,0.0,0.0,0.0,0.0,0.0,0.0,0.0
985,2020,15459,1804,Álvaro Morata,a,FW,60.0,0.0,0.0,1.0,0.0,0.0,0.0476635582745075,0.397727906703949,0.0,0.5407185815274715,0.0
1433,2020,15471,1804,Álvaro Morata,h,FW,150.0,1.0,0.0,5.0,0.0,0.0,1.0591987259685993,0.7447245717048645,3.0,3.9223207496106625,3.0
1627,2020,15482,1804,Álvaro Morata,a,FW,240.0,1.0,1.0,9.0,0.0,0.0,1.6791468746960163,0.9185930341482162,4.0,5.956033658236265,1.0
1965,2020,15491,1804,Álvaro Morata,a,FW,320.0,2.0,2.0,11.0,0.0,0.0,2.208541799336672,1.9721354097127914,8.0,8.597760807722807,4.0
2191,2020,15499,1804,Álvaro Morata,h,FW,410.0,2.0,2.0,11.0,0.0,0.0,2.208541799336672,2.1643025279045105,8.0,8.789927925914526,0.0
2483,2020,15507,1804,Álvaro Morata,a,FW,480.0,2.0,3.0,13.0,0.0,0.0,2.67231123521924,2.3142213225364685,9.0,10.331155028194189,1.0
3280,2020,15530,1804,Álvaro Morata,a,Sub,570.0,3.0,3.0,17.0,0.0,1.0,3.267351735383272,2.337429540231824,11.5,11.63948474638164,2.5
3379,2020,15540,1804,Álvaro Morata,h,FW,592.0,3.0,3.0,18.0,0.0,1.0,3.760236222296953,2.337429540231824,11.5,13.118138207122684,0.0
3701,2020,15552,1804,Álvaro Morata,a,FW,678.0,3.0,3.0,21.0,1.0,1.0,4.857829887419939,2.871318833902478,11.0,16.444808496162295,-0.5
3961,2020,15558,1804,Álvaro Morata,h,FW,768.0,4.0,5.0,24.0,1.0,1.0,5.116635341197252,3.7201193142682314,16.0,18.070025337859988,5.0
5104,2020,15589,1804,Álvaro Morata,h,Sub,815.0,4.0,5.0,24.0,1.0,1.0,5.116635341197252,3.7201193142682314,16.0,18.070025337859988,0.0
5426,2020,15600,1804,Álvaro Morata,a,FW,816.0,4.0,5.0,24.0,1.0,1.0,5.116635341197252,3.7201193142682314,16.0,18.070025337859988,0.0
5653,2020,15609,1804,Álvaro Morata,h,Sub,906.0,4.0,5.0,25.0,2.0,1.0,5.198992934077978,3.746424065902829,15.5,17.843402868136764,-0.5
5881,2020,15617,1804,Álvaro Morata,a,FW,925.0,4.0,5.0,26.0,2.0,1.0,5.51973819360137,3.746424065902829,15.5,18.80563864670694,0.0
6207,2020,15631,1804,Álvaro Morata,h,FW,1004.0,4.0,6.0,26.0,2.0,1.0,5.51973819360137,4.281337009742856,16.5,19.340551590546966,1.0
6501,2020,15640,1804,Álvaro Morata,a,FW,1070.0,4.0,7.0,26.0,2.0,1.0,5.51973819360137,4.404655145481229,17.5,19.46386972628534,1.0
7007,2020,15647,1804,Álvaro Morata,h,Sub,1160.0,4.0,7.0,29.0,2.0,1.0,5.964676108211279,4.623126359656453,17.5,21.01715468429029,0.0
7312,2020,15670,1804,Álvaro Morata,h,Sub,1170.0,4.0,7.0,30.0,2.0,1.0,6.011984262615442,4.623126359656453,17.5,21.15907914750278,0.0
7645,2020,15681,1804,Álvaro Morata,h,FW,1199.0,5.0,7.0,31.0,2.0,1.0,6.66842994466424,4.721502894535661,20.5,23.22679272852838,3.0
8148,2020,15689,1804,Álvaro Morata,a,FW,1268.0,7.0,8.0,34.0,2.0,1.0,7.954256508499384,4.764062410220504,27.5,27.126831935718656,7.0
8381,2020,15704,1804,Álvaro Morata,h,FW,1342.0,7.0,8.0,35.0,2.0,1.0,8.377779576927423,4.764062410220504,27.5,28.397401141002774,0.0
8761,2020,15709,1804,Álvaro Morata,a,FW,1432.0,7.0,8.0,37.0,2.0,1.0,8.796916220337152,4.7721775425598025,27.5,29.66292620357126,0.0
8806,2020,15455,1804,Álvaro Morata,h,FW,1522.0,7.0,9.0,40.0,2.0,1.0,9.231644157320261,5.096785838715732,28.5,31.291718310676515,1.0
8986,2020,15720,1804,Álvaro Morata,h,FW,1592.0,7.0,9.0,42.0,2.0,1.0,9.315919365733862,5.272036324255168,28.5,31.719794421456754,0.0
9373,2020,15730,1804,Álvaro Morata,a,FW,1660.0,8.0,9.0,45.0,2.0,1.0,9.945946779102087,5.360247190110385,31.5,33.69808752741665,3.0
9636,2020,15742,1804,Álvaro Morata,h,Sub,1750.0,8.0,9.0,47.0,2.0,1.0,10.326198693364859,5.360247190110385,31.5,34.83884327020496,0.0
9922,2020,15748,1804,Álvaro Morata,a,Sub,1756.0,8.0,9.0,47.0,2.0,1.0,10.326198693364859,5.360247190110385,31.5,34.83884327020496,0.0
10320,2020,15762,1804,Álvaro Morata,a,Sub,1799.0,9.0,9.0,49.0,2.0,1.0,10.413107622414827,5.452302294783294,34.5,35.191625162027776,3.0
10669,2020,15771,1804,Álvaro Morata,h,FW,1823.0,9.0,9.0,49.0,2.0,1.0,10.413107622414827,5.452302294783294,34.5,35.191625162027776,0.0
11070,2020,15790,1804,Álvaro Morata,h,Sub,1913.0,9.0,9.0,50.0,2.0,1.0,10.502704683691263,5.55988750141114,34.5,35.56800155248493,0.0
11514,2020,15799,1804,Álvaro Morata,a,FW,1929.0,9.0,9.0,51.0,2.0,1.0,10.568605545908213,5.55988750141114,34.5,35.76570413913578,0.0
