,season,matchId,playerId,player,homeOrAway,position,time,goals,assists,shots,yellowCard,redCard,xG,xA,bonus,xB,lastBonus
13,2014,5149,716,Alberto Paloschi,h,Sub,0.0,0.0,0.0,0.0,0.0,0.0,0.0,0.0,0.0,0.0,0.0
625,2014,5121,716,Alberto Paloschi,h,Sub,43.0,0.0,0.0,1.0,0.0,0.0,0.0257156547158956,0.0,0.0,0.0771469641476869,0.0
1083,2014,5137,716,Alberto Paloschi,a,FW,54.0,1.0,0.0,2.0,0.0,0.0,0.8932279404252768,0.0,3.0,2.679683821275831,3.0
1265,2014,5144,716,Alberto Paloschi,h,FW,144.0,2.0,0.0,3.0,0.0,0.0,0.921529997140169,0.1310974359512329,6.0,2.8956874273717412,3.0
1447,2014,5070,716,Alberto Paloschi,a,FW,215.0,2.0,1.0,8.0,0.0,0.0,1.17307348921895,0.2585619539022445,7.0,3.7777824215590963,1.0
1699,2014,5079,716,Alberto Paloschi,a,FW,305.0,2.0,1.0,11.0,0.0,0.0,1.6016577966511247,0.2772829923778771,7.0,5.082256382331253,0.0
2106,2014,5094,716,Alberto Paloschi,h,FW,395.0,2.0,1.0,14.0,0.0,0.0,1.7267138697206972,0.2772829923778771,7.0,5.45742460153997,0.0
2343,2014,5102,716,Alberto Paloschi,a,Sub,471.0,2.0,1.0,17.0,0.0,0.0,1.961983624845743,0.4240467343479393,7.0,6.30999760888517,0.0
2689,2014,5036,716,Alberto Paloschi,h,FW,482.0,2.0,1.0,18.0,0.0,0.0,1.981097863987088,0.4240467343479393,7.0,6.367340326309205,0.0
2882,2014,5043,716,Alberto Paloschi,h,FW,572.0,2.0,1.0,19.0,0.0,0.0,2.0690010655671354,0.4240467343479393,7.0,6.631049931049348,0.0
3175,2014,5053,716,Alberto Paloschi,a,FW,634.0,2.0,1.0,20.0,0.0,0.0,2.125905225053429,0.443236408755183,7.0,6.820952083915473,0.0
3382,2014,5061,716,Alberto Paloschi,h,FW,724.0,2.0,1.0,23.0,0.0,0.0,2.4588729534298177,0.8171694558113811,7.0,8.193788316100836,0.0
3871,2014,5008,716,Alberto Paloschi,a,FW,807.0,2.0,1.0,23.0,0.0,0.0,2.4588729534298177,0.8171694558113811,7.0,8.193788316100836,0.0
4164,2014,5019,716,Alberto Paloschi,h,FW,895.0,3.0,1.0,26.0,0.0,0.0,3.0302079711109395,0.8883865531533954,10.0,9.979010466486216,3.0
4318,2014,5024,716,Alberto Paloschi,a,FW,960.0,3.0,1.0,28.0,0.0,0.0,3.565632382407784,0.8883865531533954,10.0,11.585283700376749,0.0
4665,2014,4964,716,Alberto Paloschi,h,FW,1050.0,4.0,1.0,29.0,1.0,0.0,3.994727144017815,0.8883865531533954,12.5,12.372567985206842,2.5
4843,2014,4970,716,Alberto Paloschi,a,FW,1126.0,4.0,1.0,31.0,1.0,0.0,4.1265021804720154,0.905927265062928,12.5,12.785433806478977,0.0
5164,2014,4982,716,Alberto Paloschi,h,FW,1216.0,4.0,1.0,34.0,1.0,0.0,4.357842678204178,0.905927265062928,12.5,13.479455299675465,0.0
5455,2014,4992,716,Alberto Paloschi,a,FW,1306.0,4.0,1.0,36.0,1.0,0.0,4.732166552916168,0.905927265062928,12.5,14.602426923811436,0.0
5716,2014,4922,716,Alberto Paloschi,h,FW,1387.0,4.0,1.0,37.0,1.0,0.0,4.783230511471628,0.905927265062928,12.5,14.755618799477816,0.0
6119,2014,4936,716,Alberto Paloschi,a,FW,1460.0,4.0,1.0,38.0,1.0,0.0,4.827866969630121,1.0400547478348015,12.5,15.023655656725168,0.0
6360,2014,4945,716,Alberto Paloschi,h,Sub,1508.0,4.0,1.0,38.0,2.0,0.0,4.827866969630121,1.0400547478348015,12.0,14.523655656725168,-0.5
6483,2014,4949,716,Alberto Paloschi,a,Sub,1537.0,4.0,1.0,39.0,2.0,0.0,4.898403173312544,1.0400547478348015,12.0,14.735264267772436,0.0
6666,2014,4956,716,Alberto Paloschi,h,Sub,1581.0,4.0,1.0,41.0,2.0,0.0,4.942038880661129,1.0400547478348015,12.0,14.866171389818192,0.0
6997,2014,4892,716,Alberto Paloschi,h,FW,1602.0,4.0,1.0,43.0,2.0,0.0,5.126404972746967,1.0400547478348015,12.0,15.419269666075706,0.0
7261,2014,4901,716,Alberto Paloschi,a,FW,1669.0,4.0,1.0,46.0,2.0,0.0,5.496936591342091,1.0400547478348015,12.0,16.530864521861076,0.0
7471,2014,4909,716,Alberto Paloschi,h,FW,1759.0,6.0,1.0,51.0,2.0,0.0,6.106965573504566,1.0400547478348015,18.0,18.360951468348503,6.0
7959,2014,4836,716,Alberto Paloschi,a,FW,1836.0,7.0,1.0,54.0,2.0,0.0,7.067983062937855,1.1297778133302925,21.0,21.33372700214386,3.0
8154,2014,4843,716,Alberto Paloschi,a,FW,1926.0,7.0,1.0,57.0,2.0,0.0,7.271161647513508,1.1297778133302925,21.0,21.94326275587082,0.0
8451,2014,4854,716,Alberto Paloschi,h,Sub,1984.0,7.0,1.0,59.0,2.0,0.0,7.876228185370564,1.1297778133302925,21.0,23.758462369441986,0.0
8823,2014,4867,716,Alberto Paloschi,a,FW,2012.0,7.0,1.0,61.0,2.0,0.0,8.080571772530673,1.1297778133302925,21.0,24.371493130922318,0.0
9059,2014,4876,716,Alberto Paloschi,h,FW,2102.0,8.0,1.0,64.0,2.0,0.0,8.199353570118545,1.1491890288889406,24.0,24.74724973924458,3.0
9295,2014,4782,716,Alberto Paloschi,a,FW,2192.0,8.0,2.0,66.0,2.0,0.0,8.304295362904666,1.2967400439083574,25.0,25.20962613262236,1.0
9532,2014,4791,716,Alberto Paloschi,h,FW,2282.0,8.0,2.0,69.0,2.0,0.0,8.93899077363312,1.335647016763687,25.0,27.152619337663054,0.0
9938,2014,4805,716,Alberto Paloschi,a,FW,2372.0,9.0,2.0,73.0,2.0,0.0,9.569545747712253,1.335647016763687,28.0,29.04428425990045,3.0
10203,2014,4815,716,Alberto Paloschi,h,FW,2462.0,9.0,2.0,73.0,2.0,0.0,9.569545747712253,1.3859274126589296,28.0,29.094564655795693,0.0
10582,2014,4828,716,Alberto Paloschi,a,FW,2552.0,9.0,3.0,77.0,2.0,0.0,9.774568589404224,2.0378225184977055,29.0,30.36152828671038,1.0
