,season,matchId,playerId,player,homeOrAway,position,time,goals,assists,shots,yellowCard,redCard,xG,xA,bonus,xB,lastBonus
105,2014,5152,1517,Antonio Candreva,a,FWR,0.0,0.0,0.0,0.0,0.0,0.0,0.0,0.0,0.0,0.0,0.0
370,2014,5112,1517,Antonio Candreva,h,FWR,90.0,0.0,0.0,4.0,0.0,0.0,1.0729224681854248,0.0798249170184135,0.0,3.298592321574688,0.0
664,2014,5122,1517,Antonio Candreva,a,FWR,180.0,1.0,1.0,11.0,0.0,0.0,1.489567220211029,0.4088430032134055,4.0,4.877544663846493,4.0
1096,2014,5138,1517,Antonio Candreva,h,FWR,270.0,1.0,1.0,17.0,0.0,0.0,2.0844722390174866,0.5276960656046866,4.0,6.7811127826571465,0.0
1389,2014,5148,1517,Antonio Candreva,a,AMR,360.0,1.0,1.0,21.0,1.0,0.0,2.222812280058861,0.644079104065895,3.5,6.812515944242477,-0.5
1571,2014,5075,1517,Antonio Candreva,h,AMR,420.0,1.0,2.0,22.0,1.0,0.0,2.2601973824203014,1.2672991305589676,4.5,7.547891277819872,1.0
1754,2014,5081,1517,Antonio Candreva,a,FWR,498.0,2.0,3.0,26.0,1.0,0.0,3.0742444805800915,1.5204433351755142,8.5,10.243176776915789,4.0
2160,2014,5096,1517,Antonio Candreva,h,FWR,588.0,2.0,5.0,28.0,1.0,0.0,3.183758582919836,3.0277382284402847,10.5,12.079013977199793,2.0
2506,2014,5108,1517,Antonio Candreva,a,FWR,678.0,2.0,5.0,33.0,1.0,0.0,3.42595798894763,3.1809182912111282,10.5,12.958792258054018,0.0
2770,2014,5039,1517,Antonio Candreva,h,FWR,768.0,2.0,5.0,36.0,1.0,0.0,3.549538914114237,3.204611711204052,10.5,13.353228453546762,0.0
2923,2014,5044,1517,Antonio Candreva,a,FWR,858.0,2.0,6.0,38.0,1.0,0.0,3.6253675408661366,3.88452135771513,11.5,14.26062398031354,1.0
3104,2014,5051,1517,Antonio Candreva,h,FWR,948.0,2.0,7.0,40.0,1.0,0.0,3.722584392875433,4.019024945795536,12.5,14.686778124421835,1.0
3395,2014,5061,1517,Antonio Candreva,a,FWR,1038.0,2.0,7.0,44.0,1.0,0.0,3.8266808055341244,4.12139692902565,12.5,15.101439345628023,0.0
4472,2014,4957,1517,Antonio Candreva,h,Sub,1099.0,2.0,7.0,45.0,1.0,0.0,3.8417988792061806,4.207341313362122,12.5,15.232737950980663,0.0
4952,2014,4974,1517,Antonio Candreva,a,FWR,1110.0,2.0,7.0,45.0,1.0,0.0,3.8417988792061806,4.207341313362122,12.5,15.232737950980663,0.0
5078,2014,4979,1517,Antonio Candreva,h,FWR,1200.0,2.0,7.0,50.0,1.0,0.0,3.954483814537525,4.347527161240578,12.5,15.710978604853153,0.0
5328,2014,4988,1517,Antonio Candreva,h,FWR,1290.0,2.0,7.0,52.0,1.0,0.0,4.056543737649918,4.431692808866501,12.5,16.101324021816254,0.0
5701,2014,4921,1517,Antonio Candreva,a,FWR,1380.0,2.0,7.0,56.0,1.0,0.0,4.625789493322372,5.066018849611282,12.5,18.4433873295784,0.0
6076,2014,4935,1517,Antonio Candreva,h,FWR,1470.0,2.0,7.0,60.0,1.0,0.0,4.79293629527092,5.066018849611282,12.5,18.94482773542404,0.0
6341,2014,4944,1517,Antonio Candreva,a,FWR,1520.0,2.0,7.0,61.0,2.0,0.0,4.909715794026852,5.066018849611282,12.0,18.795166231691837,-0.5
6493,2014,4950,1517,Antonio Candreva,h,FWR,1591.0,3.0,7.0,64.0,3.0,0.0,6.130368731915951,5.066018849611282,14.5,21.957125045359135,2.5
6819,2014,4885,1517,Antonio Candreva,a,Sub,1672.0,4.0,7.0,70.0,3.0,0.0,6.320650450885296,5.168246805667877,17.5,22.630198158323765,3.0
7133,2014,4897,1517,Antonio Candreva,h,AMR,1686.0,4.0,7.0,71.0,3.0,0.0,6.726432763040066,5.168246805667877,17.5,23.847545094788074,0.0
7581,2014,4913,1517,Antonio Candreva,h,FWR,1763.0,5.0,7.0,73.0,4.0,0.0,7.579036138951778,5.520782858133316,20.0,26.25789127498865,2.5
7818,2014,4831,1517,Antonio Candreva,a,FWR,1853.0,6.0,7.0,78.0,4.0,0.0,7.745032019913197,5.726470544934273,23.0,26.961566604673862,3.0
8166,2014,4844,1517,Antonio Candreva,h,AMR,1914.0,6.0,7.0,80.0,4.0,0.0,7.778883669525385,6.182333126664162,23.0,27.518984135240316,0.0
8409,2014,4852,1517,Antonio Candreva,a,Sub,2004.0,7.0,7.0,82.0,4.0,0.0,7.826926816254854,6.26542854309082,26.0,27.746208991855383,3.0
8806,2014,4867,1517,Antonio Candreva,h,AMR,2043.0,7.0,7.0,86.0,5.0,0.0,7.973617617040873,6.287876669317484,25.5,27.7087295204401,-0.5
8973,2014,4873,1517,Antonio Candreva,h,AMR,2133.0,7.0,7.0,94.0,5.0,0.0,8.903327111154795,6.627230349928141,25.5,30.837211683392525,0.0
9349,2014,4784,1517,Antonio Candreva,a,AMR,2223.0,8.0,8.0,97.0,5.0,0.0,9.3520304299891,7.18046111240983,29.5,32.73655240237713,4.0
9697,2014,4797,1517,Antonio Candreva,h,AMR,2313.0,8.0,8.0,100.0,5.0,0.0,9.427175644785166,7.215961143374443,29.5,32.99748807772994,0.0
9796,2014,4800,1517,Antonio Candreva,a,AMC,2392.0,9.0,8.0,104.0,5.0,0.0,9.633039016276598,7.551556512713432,32.5,33.950673561543226,3.0
10285,2014,4818,1517,Antonio Candreva,h,AMR,2476.0,9.0,8.0,109.0,5.0,0.0,9.789599511772394,7.551556512713432,32.5,34.420355048030615,0.0
10468,2014,4824,1517,Antonio Candreva,a,FWR,2566.0,9.0,8.0,115.0,5.0,0.0,10.005989704281092,7.926221504807472,32.5,35.44419061765075,0.0
