,season,matchId,playerId,player,homeOrAway,position,time,goals,assists,shots,yellowCard,redCard,xG,xA,bonus,xB,lastBonus
120,2014,5153,1836,Franco Vázquez,h,FW,0.0,0.0,0.0,0.0,0.0,0.0,0.0,0.0,0.0,0.0,0.0
553,2014,5118,1836,Franco Vázquez,a,AMC,90.0,0.0,0.0,4.0,0.0,0.0,0.1980141848325729,0.0,0.0,0.5940425544977188,0.0
818,2014,5128,1836,Franco Vázquez,h,FW,180.0,1.0,0.0,8.0,0.0,0.0,0.9964630454778671,0.1690140813589096,3.0,3.158403217792511,3.0
1024,2014,5135,1836,Franco Vázquez,a,MC,263.0,2.0,0.0,13.0,0.0,0.0,1.3101822286844254,0.23333480954170221,6.0,4.163881495594978,3.0
1376,2014,5148,1836,Franco Vázquez,h,AMC,353.0,3.0,0.0,15.0,0.0,0.0,1.717896744608879,0.26013017445802683,9.0,5.413820408284664,3.0
1474,2014,5071,1836,Franco Vázquez,a,AMC,443.0,3.0,0.0,19.0,1.0,0.0,1.891538381576538,0.8161785081028938,8.5,5.990793652832508,-0.5
1769,2014,5082,1836,Franco Vázquez,h,AMC,515.0,3.0,0.0,20.0,2.0,0.0,1.9051090786233544,0.8161785081028938,8.0,5.531505743972957,-0.5
2091,2014,5093,1836,Franco Vázquez,a,AMC,605.0,3.0,1.0,22.0,3.0,0.0,1.9372760625556111,1.2361179068684578,8.5,5.547946094535291,0.5
2325,2014,5102,1836,Franco Vázquez,h,AMC,685.0,3.0,1.0,24.0,3.0,0.0,2.0362359853461385,1.2361179068684578,8.5,5.844825862906873,0.0
2729,2014,5037,1836,Franco Vázquez,a,AMC,764.0,3.0,1.0,27.0,3.0,0.0,2.1008833246305585,1.7127081230282784,8.5,6.515358096919954,0.0
2966,2014,5046,1836,Franco Vázquez,h,AMC,851.0,3.0,1.0,32.0,3.0,0.0,2.541088660247624,1.729571107774973,8.5,7.852837088517845,0.0
3340,2014,5059,1836,Franco Vázquez,a,AMC,941.0,3.0,1.0,35.0,3.0,0.0,3.41469116974622,1.761275451630354,8.5,10.505348960869014,0.0
3466,2014,5064,1836,Franco Vázquez,h,AMC,1024.0,3.0,2.0,37.0,3.0,0.0,3.7658622162416577,1.8380647338926792,9.5,11.635651382617652,1.0
3913,2014,5010,1836,Franco Vázquez,h,AMC,1114.0,3.0,2.0,39.0,4.0,0.0,3.8626653300598264,2.186561021953821,9.0,11.7745570121333,-0.5
4400,2014,5027,1836,Franco Vázquez,a,AMC,1204.0,3.0,3.0,40.0,4.0,0.0,4.181935315020382,2.471855256706476,10.0,13.017661201767623,1.0
4554,2014,4960,1836,Franco Vázquez,h,AMC,1294.0,5.0,4.0,43.0,4.0,0.0,4.745756273157895,2.5989798195660114,17.0,14.836248639039695,7.0
4897,2014,4972,1836,Franco Vázquez,a,AMC,1384.0,5.0,5.0,45.0,5.0,0.0,5.093658153899014,3.0545654483139515,17.5,15.835539910010993,0.5
5051,2014,4978,1836,Franco Vázquez,h,AMC,1474.0,5.0,5.0,48.0,5.0,0.0,5.141897802241147,3.0989104509353638,17.5,16.024603857658803,0.0
5371,2014,4989,1836,Franco Vázquez,a,AMC,1561.0,5.0,6.0,48.0,5.0,0.0,5.141897802241147,3.561692386865616,18.5,16.487385793589056,1.0
5772,2014,4924,1836,Franco Vázquez,h,AMC,1651.0,6.0,6.0,50.0,5.0,0.0,5.212072973139584,3.561692386865616,21.5,16.697911306284368,3.0
6064,2014,4934,1836,Franco Vázquez,a,FW,1733.0,6.0,7.0,54.0,5.0,0.0,5.689110879786313,4.15388098359108,22.5,18.721213622950017,1.0
6160,2014,4938,1836,Franco Vázquez,h,AMC,1823.0,6.0,7.0,56.0,5.0,0.0,5.759843428619206,4.15388098359108,22.5,18.933411269448698,0.0
6508,2014,4950,1836,Franco Vázquez,a,AMC,1901.0,7.0,9.0,59.0,5.0,0.0,5.944661249406636,4.8683262169361115,27.5,20.20230996515602,5.0
6718,2014,4882,1836,Franco Vázquez,h,FW,1991.0,7.0,9.0,61.0,5.0,0.0,6.011819456703961,5.2585378885269165,27.5,20.7939962586388,0.0
6981,2014,4891,1836,Franco Vázquez,a,AMC,2081.0,7.0,9.0,65.0,5.0,0.0,6.195333142764866,5.392657667398453,27.5,21.478657095693052,0.0
7191,2014,4899,1836,Franco Vázquez,h,AMC,2171.0,7.0,9.0,67.0,5.0,0.0,6.286426951177418,5.416515661403537,27.5,21.77579651493579,0.0
7485,2014,4909,1836,Franco Vázquez,a,AMC,2261.0,7.0,9.0,68.0,6.0,0.0,6.374951143749058,5.416515661403537,27.0,21.54136909265071,-0.5
7832,2014,4832,1836,Franco Vázquez,h,AMC,2351.0,7.0,9.0,72.0,6.0,0.0,6.592357103712857,5.432490473613143,27.0,22.209561784751713,0.0
8238,2014,4846,1836,Franco Vázquez,a,AMC,2441.0,7.0,9.0,75.0,6.0,0.0,7.2142977165058255,5.558551138266921,27.0,24.201444287784398,0.0
8502,2014,4856,1836,Franco Vázquez,h,AMC,2514.0,7.0,9.0,76.0,6.0,0.0,7.266098723746836,6.102934306487441,27.0,24.90123047772795,0.0
8738,2014,4864,1836,Franco Vázquez,a,AMC,2604.0,7.0,9.0,78.0,7.0,0.0,7.326126002706587,6.102934306487441,26.5,24.581312314607203,-0.5
9002,2014,4874,1836,Franco Vázquez,h,AMC,2691.0,7.0,9.0,80.0,7.0,0.0,7.40703756455332,6.989835327491164,26.5,25.710948021151125,0.0
9239,2014,4780,1836,Franco Vázquez,a,AMC,2781.0,7.0,9.0,82.0,7.0,0.0,7.464367759414017,7.052597163245082,26.5,25.945700441487134,0.0
9587,2014,4793,1836,Franco Vázquez,h,AMC,2871.0,7.0,9.0,85.0,7.0,0.0,7.666429695673287,7.163988983258605,26.5,26.663278070278466,0.0
9853,2014,4802,1836,Franco Vázquez,a,AMC,2961.0,8.0,9.0,90.0,7.0,0.0,8.092383828945458,7.2601384576410055,29.5,28.03728994447738,3.0
10175,2014,4814,1836,Franco Vázquez,h,AMC,3051.0,9.0,9.0,94.0,7.0,0.0,8.28854509908706,7.879789834842086,32.5,29.245425132103264,3.0
10441,2014,4823,1836,Franco Vázquez,a,AMC,3141.0,9.0,9.0,95.0,7.0,0.0,8.314833144657314,7.907449318096042,32.5,29.351948752067983,0.0
