,season,matchId,playerId,player,homeOrAway,position,time,goals,assists,shots,yellowCard,redCard,xG,xA,bonus,xB,lastBonus
487,2014,5116,1949,Fredy Guarín,h,Sub,0.0,0.0,0.0,0.0,0.0,0.0,0.0,0.0,0.0,0.0,0.0
829,2014,5128,1949,Fredy Guarín,a,MC,24.0,1.0,1.0,2.0,0.0,0.0,0.110605388879776,0.6148293614387512,4.0,0.9466455280780792,4.0
927,2014,5132,1949,Fredy Guarín,h,MC,114.0,1.0,1.0,6.0,0.0,0.0,0.1876196563243866,0.9291988015174866,4.0,1.4920577704906464,0.0
1297,2014,5145,1949,Fredy Guarín,h,Sub,183.0,1.0,2.0,10.0,0.0,0.0,0.3474835306406021,1.2523231208324432,5.0,2.2947737127542496,1.0
1912,2014,5087,1949,Fredy Guarín,h,Sub,224.0,1.0,2.0,11.0,1.0,0.0,0.38811628520488733,1.334831863641739,4.5,1.999180719256401,-0.5
3308,2014,5058,1949,Fredy Guarín,a,MC,232.0,2.0,2.0,12.0,1.0,0.0,1.1219637840986252,1.334831863641739,7.5,4.200723215937614,3.0
3590,2014,5068,1949,Fredy Guarín,a,AMR,322.0,2.0,2.0,13.0,1.0,0.0,1.1363686360418797,1.4345452636480331,7.5,4.343651171773672,0.0
3827,2014,5007,1949,Fredy Guarín,h,MC,412.0,2.0,2.0,14.0,2.0,0.0,1.1513363383710384,1.515222206711769,7.0,3.9692312218248844,-0.5
4176,2014,5019,1949,Fredy Guarín,a,MC,502.0,2.0,3.0,17.0,2.0,0.0,1.2549308948218822,2.3548453599214554,8.0,5.119638044387102,1.0
4440,2014,5029,1949,Fredy Guarín,h,MC,592.0,2.0,3.0,20.0,2.0,0.0,1.3646906428039074,2.3548453599214554,8.0,5.448917288333178,0.0
4729,2014,4966,1949,Fredy Guarín,a,MC,669.0,2.0,3.0,25.0,2.0,0.0,1.4889077357947826,2.3884521014988422,8.0,5.85517530888319,0.0
4796,2014,4969,1949,Fredy Guarín,h,DMC,759.0,2.0,4.0,28.0,2.0,0.0,1.534894686192274,2.4804700203239918,9.0,6.085154078900814,1.0
5034,2014,4977,1949,Fredy Guarín,a,DMC,849.0,2.0,4.0,32.0,2.0,0.0,1.6410960368812084,2.9911655969917774,9.0,6.914453707635403,0.0
5465,2014,4993,1949,Fredy Guarín,h,DMC,939.0,2.0,4.0,34.0,2.0,0.0,1.682587143033743,2.9911655969917774,9.0,7.038927026093006,0.0
5646,2014,4919,1949,Fredy Guarín,a,DMC,1029.0,2.0,4.0,39.0,2.0,0.0,1.8843080513179302,2.9911655969917774,9.0,7.644089750945568,0.0
6045,2014,4934,1949,Fredy Guarín,h,MC,1119.0,2.0,4.0,42.0,2.0,0.0,1.9386337399482727,3.009355705231428,9.0,7.825256925076246,0.0
6282,2014,4942,1949,Fredy Guarín,a,MC,1209.0,3.0,5.0,45.0,2.0,0.0,2.1203993409872055,3.1712077520787716,13.0,8.532405775040388,4.0
6617,2014,4954,1949,Fredy Guarín,a,MC,1299.0,5.0,5.0,50.0,2.0,0.0,2.28957062959671,3.6704070828855038,19.0,9.539118971675634,6.0
6827,2014,4886,1949,Fredy Guarín,h,MC,1389.0,5.0,5.0,53.0,2.0,0.0,2.356641575694084,3.790773894637823,19.0,9.860698621720076,0.0
7118,2014,4896,1949,Fredy Guarín,a,MC,1479.0,5.0,5.0,55.0,2.0,0.0,2.3897792883217335,3.790773894637823,19.0,9.960111759603024,0.0
7356,2014,4905,1949,Fredy Guarín,h,MC,1569.0,5.0,6.0,56.0,3.0,0.0,2.396093583665788,3.8888822682201862,19.5,9.57716301921755,0.5
7620,2014,4914,1949,Fredy Guarín,a,MC,1659.0,5.0,6.0,59.0,3.0,0.0,2.467485292814672,4.160624492913485,19.5,10.0630803713575,0.0
7774,2014,4830,1949,Fredy Guarín,h,MC,1749.0,5.0,6.0,61.0,3.0,0.0,2.4995615808293223,4.313805107027292,19.5,10.31248984951526,0.0
8124,2014,4842,1949,Fredy Guarín,a,MC,1839.0,6.0,6.0,64.0,3.0,0.0,2.575287322513759,4.362793564796448,22.5,10.588655532337725,3.0
8665,2014,4862,1949,Fredy Guarín,h,MC,1929.0,6.0,6.0,67.0,4.0,0.0,2.675593758933246,4.362793564796448,22.0,10.389574841596186,-0.5
8930,2014,4871,1949,Fredy Guarín,a,MR,2008.0,6.0,6.0,68.0,4.0,0.0,2.9800779772922397,4.5471962839365005,22.0,11.48743021581322,0.0
9278,2014,4782,1949,Fredy Guarín,h,MC,2075.0,6.0,6.0,72.0,5.0,0.0,3.0782373724505305,4.755229562520981,21.5,11.489941679872572,-0.5
9711,2014,4797,1949,Fredy Guarín,a,MC,2165.0,6.0,6.0,78.0,5.0,0.0,3.235876145772636,4.755229562520981,21.5,11.962857999838889,0.0
