,season,matchId,playerId,player,homeOrAway,position,time,goals,assists,shots,yellowCard,redCard,xG,xA,bonus,xB,lastBonus
63,2014,5151,1121,Giacomo Bonaventura,h,ML,0.0,0.0,0.0,0.0,0.0,0.0,0.0,0.0,0.0,0.0,0.0
526,2014,5117,1121,Giacomo Bonaventura,a,FWL,90.0,0.0,0.0,2.0,0.0,0.0,0.072684533894062,0.0216622073203325,0.0,0.2397158090025186,0.0
598,2014,5120,1121,Giacomo Bonaventura,h,Sub,180.0,1.0,0.0,4.0,0.0,0.0,0.8003399446606636,0.0792608130723237,3.0,2.4802806470543146,3.0
862,2014,5129,1121,Giacomo Bonaventura,a,Sub,200.0,1.0,0.0,4.0,0.0,0.0,0.8003399446606636,0.0792608130723237,3.0,2.4802806470543146,0.0
1251,2014,5143,1121,Giacomo Bonaventura,a,AML,260.0,1.0,0.0,5.0,0.0,0.0,0.8177339527755975,0.14696409739553912,3.0,2.600165955722332,0.0
1432,2014,5070,1121,Giacomo Bonaventura,h,AMC,350.0,1.0,0.0,6.0,1.0,0.0,0.8565440047532319,0.6336117926985023,2.5,2.7032438069581985,-0.5
1813,2014,5083,1121,Giacomo Bonaventura,a,Sub,440.0,1.0,0.0,10.0,1.0,0.0,1.5395735371857882,0.7217723671346901,2.5,4.840492978692055,0.0
2217,2014,5098,1121,Giacomo Bonaventura,h,Sub,453.0,1.0,0.0,10.0,1.0,0.0,1.5395735371857882,0.7217723671346901,2.5,4.840492978692055,0.0
2421,2014,5105,1121,Giacomo Bonaventura,a,MC,475.0,1.0,0.0,11.0,1.0,0.0,1.5531732430681586,0.8891735170036552,2.5,5.048693246208131,0.0
2839,2014,5041,1121,Giacomo Bonaventura,a,MC,565.0,2.0,0.0,13.0,1.0,0.0,1.5754194045439363,0.9081918783485887,5.5,5.134450091980398,3.0
3297,2014,5058,1121,Giacomo Bonaventura,h,AMR,655.0,2.0,0.0,16.0,1.0,0.0,1.745055385865271,0.9081918783485887,5.5,5.643358035944402,0.0
3434,2014,5063,1121,Giacomo Bonaventura,h,MC,745.0,2.0,0.0,18.0,2.0,0.0,1.8639585683122277,1.3142888136208055,5.0,5.906164518557489,-0.5
3786,2014,5005,1121,Giacomo Bonaventura,a,MC,835.0,2.0,1.0,20.0,2.0,0.0,1.9203672604635358,1.4439988471567629,6.0,6.20510062854737,1.0
4109,2014,5017,1121,Giacomo Bonaventura,h,FWL,925.0,2.0,1.0,22.0,2.0,0.0,2.425131340511143,1.53929441049695,6.0,7.81468843203038,0.0
4288,2014,5023,1121,Giacomo Bonaventura,a,AMC,1015.0,3.0,2.0,24.0,2.0,0.0,3.023899574764073,1.9322582669556139,10.0,10.003956991247833,4.0
4525,2014,4959,1121,Giacomo Bonaventura,h,FWR,1105.0,3.0,2.0,25.0,2.0,0.0,3.065315787680447,1.9322582669556139,10.0,10.128205629996955,0.0
4787,2014,4968,1121,Giacomo Bonaventura,a,FWL,1195.0,3.0,2.0,30.0,2.0,0.0,3.1831975849345326,2.0189233683049674,10.0,10.568516123108566,0.0
5103,2014,4980,1121,Giacomo Bonaventura,h,MC,1285.0,3.0,2.0,32.0,3.0,0.0,3.229213905520737,2.0189233683049674,9.5,10.20656508486718,-0.5
5342,2014,4988,1121,Giacomo Bonaventura,a,FWR,1375.0,3.0,2.0,36.0,3.0,0.0,3.378245917148888,2.0189233683049674,9.5,10.653661119751632,0.0
5901,2014,4928,1121,Giacomo Bonaventura,a,Sub,1429.0,3.0,2.0,36.0,3.0,0.0,3.378245917148888,2.0189233683049674,9.5,10.653661119751632,0.0
6188,2014,4939,1121,Giacomo Bonaventura,h,AML,1455.0,3.0,2.0,37.0,3.0,0.0,3.3968902276828885,2.0189233683049674,9.5,10.709594051353633,0.0
6437,2014,4948,1121,Giacomo Bonaventura,h,AMC,1545.0,3.0,3.0,39.0,3.0,0.0,3.455808718688786,2.8281680010259147,10.5,11.695594157092273,1.0
6675,2014,4956,1121,Giacomo Bonaventura,a,AMC,1635.0,4.0,3.0,43.0,3.0,0.0,3.648028348572552,2.909078489989042,13.5,12.353163535706699,3.0
6938,2014,4890,1121,Giacomo Bonaventura,h,MC,1725.0,4.0,3.0,43.0,3.0,0.0,3.648028348572552,2.9304804727435108,13.5,12.374565518461168,0.0
7425,2014,4907,1121,Giacomo Bonaventura,a,MC,1815.0,4.0,3.0,44.0,3.0,0.0,3.6677952064201236,2.9694584459066387,13.5,12.47284406516701,0.0
7845,2014,4832,1121,Giacomo Bonaventura,a,MC,1905.0,4.0,4.0,45.0,3.0,0.0,3.715145639143884,3.090877324342727,14.5,12.73631424177438,1.0
8305,2014,4849,1121,Giacomo Bonaventura,h,MC,1995.0,4.0,4.0,46.0,3.0,0.0,3.7319306479766965,3.090877324342727,14.5,12.786669268272817,0.0
8600,2014,4859,1121,Giacomo Bonaventura,a,FWL,2085.0,4.0,4.0,48.0,3.0,0.0,3.770039633847773,3.217308312654495,14.5,13.027427214197814,0.0
8650,2014,4861,1121,Giacomo Bonaventura,a,MC,2175.0,4.0,4.0,49.0,3.0,0.0,3.794940493069589,3.276035394519567,14.5,13.160856873728335,0.0
9112,2014,4878,1121,Giacomo Bonaventura,h,MC,2250.0,4.0,4.0,49.0,3.0,0.0,3.794940493069589,3.297343602403998,14.5,13.182165081612766,0.0
9407,2014,4786,1121,Giacomo Bonaventura,a,FWL,2340.0,4.0,4.0,50.0,3.0,0.0,3.8284451803192496,4.04501717351377,14.5,14.030352714471519,0.0
9504,2014,4790,1121,Giacomo Bonaventura,h,FWL,2425.0,4.0,4.0,52.0,3.0,0.0,3.940496644936502,4.04501717351377,14.5,14.366507108323276,0.0
9826,2014,4801,1121,Giacomo Bonaventura,a,FWL,2515.0,4.0,4.0,56.0,3.0,0.0,4.7168644880875945,4.057312892749906,14.5,16.70790635701269,0.0
10354,2014,4820,1121,Giacomo Bonaventura,a,MC,2574.0,5.0,4.0,58.0,3.0,1.0,4.839056557975709,4.057312892749906,17.0,16.574482566677034,2.5
