,season,matchId,playerId,player,homeOrAway,position,time,goals,assists,shots,yellowCard,redCard,xG,xA,bonus,xB,lastBonus
566,2014,5119,1468,Gregoire Defrel,h,FWR,0.0,0.0,0.0,0.0,0.0,0.0,0.0,0.0,0.0,0.0,0.0
969,2014,5133,1468,Gregoire Defrel,a,MR,84.0,1.0,0.0,1.0,1.0,0.0,0.0266070663928985,0.0496339164674282,2.5,-0.3705448843538761,2.5
1240,2014,5143,1468,Gregoire Defrel,h,Sub,174.0,1.0,0.0,1.0,1.0,0.0,0.0266070663928985,0.0496339164674282,2.5,-0.3705448843538761,0.0
1554,2014,5074,1468,Gregoire Defrel,a,DMR,202.0,1.0,0.0,1.0,1.0,0.0,0.0266070663928985,0.0496339164674282,2.5,-0.3705448843538761,0.0
1779,2014,5082,1468,Gregoire Defrel,a,MR,275.0,1.0,0.0,1.0,1.0,0.0,0.0266070663928985,0.0496339164674282,2.5,-0.3705448843538761,0.0
2371,2014,5103,1468,Gregoire Defrel,a,Sub,306.0,1.0,0.0,1.0,1.0,0.0,0.0266070663928985,0.0496339164674282,2.5,-0.3705448843538761,0.0
2743,2014,5038,1468,Gregoire Defrel,h,AMC,344.0,1.0,0.0,1.0,1.0,0.0,0.0266070663928985,0.0496339164674282,2.5,-0.3705448843538761,0.0
2896,2014,5043,1468,Gregoire Defrel,a,AMC,429.0,2.0,0.0,2.0,2.0,0.0,0.1301299408078193,0.10517269000411031,5.0,-0.5044374875724316,2.5
3244,2014,5056,1468,Gregoire Defrel,h,FW,519.0,2.0,0.0,3.0,2.0,0.0,0.168376114219427,0.2184504084289073,5.0,-0.2764212489128114,0.0
3522,2014,5066,1468,Gregoire Defrel,h,FW,609.0,2.0,0.0,4.0,2.0,0.0,0.1847540494054554,0.2184504084289073,5.0,-0.227287443354726,0.0
3816,2014,5006,1468,Gregoire Defrel,a,FW,680.0,2.0,0.0,4.0,2.0,0.0,0.1847540494054554,0.2184504084289073,5.0,-0.227287443354726,0.0
4080,2014,5016,1468,Gregoire Defrel,h,AMC,770.0,4.0,0.0,7.0,3.0,0.0,0.3683077599853275,0.2445182930678128,10.5,-0.15055842697620408,5.5
4261,2014,5022,1468,Gregoire Defrel,a,AMC,860.0,4.0,0.0,8.0,3.0,0.0,0.3784313285723326,0.2615528292953966,10.5,-0.10315318498760478,0.0
4867,2014,4971,1468,Gregoire Defrel,a,MC,950.0,4.0,1.0,10.0,4.0,0.0,0.751334645785391,0.6315816231071947,11.0,0.8855855604633689,0.5
5191,2014,4983,1468,Gregoire Defrel,h,FW,1040.0,4.0,1.0,12.0,4.0,0.0,0.8090222859755155,0.6488481406122444,11.0,1.0759149985387921,0.0
5426,2014,4991,1468,Gregoire Defrel,a,FW,1130.0,4.0,1.0,14.0,5.0,0.0,0.8937081331387158,1.0498268548399208,10.5,1.2309512542560697,-0.5
5689,2014,4921,1468,Gregoire Defrel,h,FW,1193.0,4.0,2.0,14.0,5.0,0.0,0.8937081331387158,1.0943296719342468,11.5,1.2754540713503957,1.0
5954,2014,4930,1468,Gregoire Defrel,a,FW,1283.0,5.0,2.0,18.0,5.0,0.0,1.0503330761566754,1.3313027787953613,14.5,1.982302007265389,3.0
6382,2014,4946,1468,Gregoire Defrel,h,FW,1373.0,5.0,2.0,21.0,5.0,0.0,1.1865799510851498,1.3474516235291956,14.5,2.4071914767846465,0.0
6453,2014,4948,1468,Gregoire Defrel,a,FW,1463.0,5.0,3.0,25.0,5.0,0.0,1.6397086465731259,1.722393926233053,15.5,4.141519865952432,1.0
6773,2014,4884,1468,Gregoire Defrel,h,FW,1553.0,5.0,3.0,26.0,5.0,0.0,1.6651923628523941,1.8945700041949747,15.5,4.390147092752159,0.0
6968,2014,4891,1468,Gregoire Defrel,h,FW,1620.0,5.0,3.0,29.0,5.0,0.0,1.889974144287407,2.0724138282239437,15.5,5.242336261086166,0.0
7374,2014,4905,1468,Gregoire Defrel,a,FW,1691.0,5.0,3.0,30.0,5.0,0.0,1.919779171235859,2.082759945653379,15.5,5.342097459360957,0.0
7638,2014,4915,1468,Gregoire Defrel,h,FW,1781.0,6.0,3.0,34.0,6.0,0.0,2.075702239759266,2.082759945653379,18.0,5.309866664931178,2.5
7931,2014,4835,1468,Gregoire Defrel,a,FW,1871.0,6.0,3.0,35.0,6.0,0.0,2.0980973178520794,2.107223647646606,18.0,5.401515601202846,0.0
8140,2014,4843,1468,Gregoire Defrel,h,FW,1961.0,6.0,3.0,39.0,6.0,0.0,2.2742484593763943,2.2081519244238734,18.0,6.030897302553058,0.0
8380,2014,4851,1468,Gregoire Defrel,a,Sub,2050.0,6.0,3.0,42.0,6.0,0.0,2.387304947711527,2.2422722531482577,18.0,6.40418709628284,0.0
8794,2014,4866,1468,Gregoire Defrel,a,FW,2080.0,6.0,3.0,44.0,6.0,0.0,2.4471141817048188,2.2422722531482577,18.0,6.583614798262715,0.0
9030,2014,4875,1468,Gregoire Defrel,h,FW,2170.0,6.0,3.0,47.0,6.0,0.0,2.9410936655476685,2.2708932096138597,18.0,8.094174206256866,0.0
9379,2014,4785,1468,Gregoire Defrel,a,FW,2260.0,6.0,3.0,49.0,6.0,0.0,2.986096979118883,2.8939095670357347,18.0,8.852200504392385,0.0
9616,2014,4794,1468,Gregoire Defrel,h,FW,2350.0,6.0,4.0,51.0,6.0,0.0,3.122833074070513,2.9214731054380536,19.0,9.289972327649593,1.0
10022,2014,4808,1468,Gregoire Defrel,a,FW,2440.0,7.0,5.0,52.0,6.0,0.0,3.858127475716173,3.5590785341337323,23.0,12.133460961282253,4.0
10148,2014,4813,1468,Gregoire Defrel,h,FW,2530.0,9.0,5.0,54.0,6.0,0.0,3.964422055520117,3.5590785341337323,29.0,12.452344700694084,6.0
10551,2014,4827,1468,Gregoire Defrel,a,AMR,2618.0,9.0,5.0,56.0,6.0,0.0,4.011271250434219,3.5590785341337323,29.0,12.592892285436392,0.0
