,season,matchId,playerId,player,homeOrAway,position,time,goals,assists,shots,yellowCard,redCard,xG,xA,bonus,xB,lastBonus
244,2014,5157,1291,Hernanes,a,AMC,0.0,0.0,0.0,0.0,0.0,0.0,0.0,0.0,0.0,0.0,0.0
482,2014,5116,1291,Hernanes,h,MC,90.0,0.0,0.0,4.0,1.0,0.0,0.0815139263868331,0.4351875782012939,-0.5,0.1797293573617935,-0.5
836,2014,5128,1291,Hernanes,a,Sub,180.0,0.0,1.0,5.0,1.0,0.0,0.0981000252068041,0.567823052406311,0.5,0.36212312802672375,1.0
933,2014,5132,1291,Hernanes,h,Sub,205.0,0.0,1.0,7.0,1.0,0.0,0.12692356109619118,0.5875631682574748,0.5,0.46833385154604895,0.0
1292,2014,5145,1291,Hernanes,h,MC,226.0,1.0,1.0,11.0,1.0,0.0,0.3402197360992429,0.5875631682574748,3.5,1.1082223765552042,3.0
1647,2014,5077,1291,Hernanes,a,Sub,316.0,1.0,1.0,12.0,1.0,0.0,0.3640568833798167,0.7554151080548762,3.5,1.3475857581943271,0.0
1908,2014,5087,1291,Hernanes,h,MC,347.0,1.0,1.0,14.0,1.0,0.0,0.47043585591018156,0.7554151080548762,3.5,1.666722675785422,0.0
2202,2014,5097,1291,Hernanes,a,MC,437.0,2.0,1.0,20.0,2.0,0.0,0.6621777396649118,1.0362936221063137,6.0,2.02282684110105,2.5
2297,2014,5101,1291,Hernanes,h,MC,527.0,2.0,1.0,26.0,2.0,0.0,0.8929985892027612,1.5149112604558468,6.0,3.1939070280641313,0.0
2593,2014,5032,1291,Hernanes,a,Sub,580.0,2.0,1.0,27.0,2.0,0.0,0.9172039013355965,1.8273987136781216,6.0,3.5790104176849122,0.0
3314,2014,5058,1291,Hernanes,a,Sub,616.0,2.0,1.0,28.0,2.0,0.0,0.942327164113521,1.9037168733775616,6.0,3.730698365718126,0.0
4731,2014,4966,1291,Hernanes,a,AMC,634.0,2.0,1.0,28.0,2.0,0.0,0.942327164113521,1.9037168733775616,6.0,3.730698365718126,0.0
4798,2014,4969,1291,Hernanes,h,AMR,719.0,2.0,1.0,31.0,2.0,0.0,1.0197335481643672,1.9175784979015589,6.0,3.9767791423946615,0.0
5035,2014,4977,1291,Hernanes,a,AMR,794.0,2.0,2.0,32.0,2.0,0.0,1.0790309198200698,1.9912025351077318,7.0,4.228295294567943,1.0
6290,2014,4942,1291,Hernanes,a,Sub,884.0,2.0,2.0,34.0,2.0,0.0,1.135548952966928,2.347405644133687,7.0,4.7540525030344725,0.0
6623,2014,4954,1291,Hernanes,a,Sub,897.0,2.0,2.0,34.0,2.0,0.0,1.135548952966928,2.347405644133687,7.0,4.7540525030344725,0.0
7125,2014,4896,1291,Hernanes,a,Sub,904.0,2.0,2.0,35.0,2.0,0.0,1.1654706373810764,2.347405644133687,7.0,4.8438175562769175,0.0
7779,2014,4830,1291,Hernanes,h,Sub,929.0,2.0,2.0,36.0,2.0,0.0,1.2019570320844646,2.3990928512066603,7.0,5.004963947460055,0.0
8125,2014,4842,1291,Hernanes,a,AMC,930.0,2.0,2.0,37.0,2.0,0.0,1.2245801910758014,2.4271770268678665,7.0,5.100917600095272,0.0
8585,2014,4859,1291,Hernanes,h,AMC,1019.0,2.0,2.0,39.0,2.0,0.0,1.2931356057524677,2.748401567339897,7.0,5.6278083845973015,0.0
8667,2014,4862,1291,Hernanes,h,AMC,1109.0,2.0,2.0,42.0,3.0,0.0,1.4637529179453845,2.8462203219532967,6.5,5.737479075789452,-0.5
8933,2014,4871,1291,Hernanes,a,AMC,1199.0,3.0,2.0,44.0,3.0,0.0,1.872539214789867,2.8462203219532967,9.5,6.963837966322899,3.0
9280,2014,4782,1291,Hernanes,h,AMC,1289.0,3.0,2.0,49.0,3.0,0.0,2.6800111457705493,2.934057779610157,9.5,9.474091216921806,0.0
9712,2014,4797,1291,Hernanes,a,AMC,1354.0,3.0,2.0,53.0,3.0,0.0,2.803860001266002,3.000368654727936,9.5,9.911948658525944,0.0
10076,2014,4810,1291,Hernanes,a,AMC,1444.0,5.0,2.0,57.0,4.0,0.0,3.4855579063296314,3.387491852045059,15.0,11.844165571033955,5.5
10510,2014,4826,1291,Hernanes,h,AMC,1534.0,5.0,3.0,61.0,5.0,0.0,3.665530644357204,3.9498001039028168,15.5,12.44639203697443,0.5
