,season,matchId,playerId,player,homeOrAway,position,time,goals,assists,shots,yellowCard,redCard,xG,xA,bonus,xB,lastBonus
178,2014,5155,1185,Iago Falque,h,Sub,0.0,0.0,0.0,0.0,0.0,0.0,0.0,0.0,0.0,0.0,0.0
916,2014,5131,1185,Iago Falque,a,AMC,21.0,0.0,0.0,1.0,0.0,0.0,0.0127982292324304,0.0,0.0,0.0383946876972913,0.0
1323,2014,5146,1185,Iago Falque,h,Sub,81.0,0.0,0.0,1.0,1.0,0.0,0.0127982292324304,0.047264989465475,-0.5,-0.4143403228372336,-0.5
1937,2014,5088,1185,Iago Falque,h,ML,88.0,0.0,0.0,1.0,1.0,0.0,0.0127982292324304,0.047264989465475,-0.5,-0.4143403228372336,0.0
2121,2014,5094,1185,Iago Falque,a,Sub,151.0,0.0,0.0,1.0,1.0,0.0,0.0127982292324304,0.18171093985438339,-0.5,-0.2798943724483252,0.0
2675,2014,5035,1185,Iago Falque,a,FWL,163.0,0.0,0.0,2.0,1.0,0.0,0.0861549694091081,0.18171093985438339,-0.5,-0.0598241519182921,0.0
3325,2014,5059,1185,Iago Falque,h,AMC,253.0,1.0,1.0,3.0,2.0,0.0,0.791400047019124,0.28650807216763485,3.0,1.660708213225007,3.5
3535,2014,5066,1185,Iago Falque,a,FWR,299.0,1.0,1.0,4.0,2.0,0.0,0.8656780142337084,0.5825461037456987,3.0,2.179580146446824,0.0
3773,2014,5005,1185,Iago Falque,h,FWR,385.0,1.0,1.0,7.0,2.0,0.0,1.12416279502213,0.624487083405256,3.0,2.9969754684716463,0.0
3996,2014,5013,1185,Iago Falque,h,FWR,475.0,1.0,1.0,9.0,2.0,0.0,1.1976368892937899,0.6448215693235394,3.0,3.2377322372049093,0.0
4428,2014,5028,1185,Iago Falque,a,FW,505.0,1.0,1.0,9.0,2.0,0.0,1.1976368892937899,0.6448215693235394,3.0,3.2377322372049093,0.0
4635,2014,4963,1185,Iago Falque,h,FWR,595.0,2.0,1.0,11.0,3.0,0.0,1.3129730019718409,0.7193497866392132,5.5,3.158268792554736,2.5
4813,2014,4969,1185,Iago Falque,a,FWR,685.0,3.0,1.0,12.0,3.0,0.0,2.0742718372493982,0.8438868597149846,8.5,5.56670237146318,3.0
5134,2014,4981,1185,Iago Falque,h,FWR,775.0,3.0,1.0,14.0,3.0,0.0,2.1726984474807978,0.95732257515192,8.5,5.975417917594314,0.0
5564,2014,4996,1185,Iago Falque,a,FWR,865.0,4.0,1.0,17.0,3.0,0.0,3.0544941518455744,1.4305804446339603,11.5,9.094062900170684,3.0
5578,2014,4997,1185,Iago Falque,h,FWR,955.0,5.0,1.0,18.0,3.0,0.0,3.1037036534398794,1.4305804446339603,14.5,9.241691404953599,3.0
6090,2014,4935,1185,Iago Falque,a,FWR,1045.0,5.0,1.0,19.0,3.0,0.0,3.123013162985444,1.4773332066833968,14.5,9.34637269563973,0.0
6243,2014,4941,1185,Iago Falque,h,FWR,1124.0,5.0,1.0,21.0,3.0,0.0,3.5633651856333017,1.4773332066833968,14.5,10.667428763583302,0.0
6647,2014,4955,1185,Iago Falque,a,FWR,1214.0,5.0,3.0,22.0,3.0,0.0,3.612260000780225,2.366064507514238,16.5,11.702844509854913,2.0
7038,2014,4893,1185,Iago Falque,a,FW,1302.0,6.0,3.0,26.0,3.0,0.0,4.33639951236546,2.366064507514238,19.5,13.87526304461062,3.0
7246,2014,4901,1185,Iago Falque,h,FWR,1368.0,6.0,3.0,27.0,3.0,0.0,4.449822956696153,2.471766527742147,19.5,14.321235397830606,0.0
7888,2014,4834,1185,Iago Falque,h,FWR,1458.0,6.0,3.0,31.0,4.0,0.0,4.648217806592584,2.6871531717479225,19.0,14.631806591525674,-0.5
8056,2014,4840,1185,Iago Falque,h,FWR,1546.0,6.0,3.0,32.0,4.0,0.0,4.67406328395009,2.8234076164662834,19.0,14.845597468316555,0.0
8335,2014,4850,1185,Iago Falque,h,FWR,1632.0,7.0,3.0,36.0,4.0,0.0,5.55095823481679,2.9215790815651412,22.0,17.57445378601551,3.0
8516,2014,4856,1185,Iago Falque,a,FW,1722.0,8.0,3.0,39.0,5.0,0.0,6.14045425131917,3.2938159890472885,24.5,19.2151787430048,2.5
8779,2014,4866,1185,Iago Falque,h,FWR,1812.0,9.0,3.0,42.0,5.0,0.0,6.569858092814684,3.3390131592750545,27.5,20.548587437719107,3.0
9127,2014,4878,1185,Iago Falque,a,AMC,1902.0,9.0,3.0,46.0,5.0,0.0,7.087055701762438,3.540570974349975,27.5,22.30173807963729,0.0
9270,2014,4781,1185,Iago Falque,a,Sub,1992.0,10.0,3.0,49.0,6.0,0.0,8.017982620745897,4.189849436283112,30.0,25.243797298520803,2.5
9726,2014,4798,1185,Iago Falque,h,AMC,2036.0,10.0,3.0,52.0,6.0,0.0,8.215146098285913,4.189849436283112,30.0,25.835287731140852,0.0
9880,2014,4803,1185,Iago Falque,a,FWR,2122.0,11.0,3.0,55.0,6.0,0.0,8.85868725553155,4.296869523823261,33.0,27.87293129041791,3.0
10062,2014,4810,1185,Iago Falque,h,FWR,2211.0,13.0,3.0,57.0,6.0,0.0,9.067264277487993,4.3460130244493484,39.0,28.547805856913328,6.0
10496,2014,4825,1185,Iago Falque,a,FWR,2294.0,13.0,3.0,58.0,6.0,0.0,9.128540851175785,4.38917364180088,39.0,28.774796195328236,0.0
