,season,matchId,playerId,player,homeOrAway,position,time,goals,assists,shots,yellowCard,redCard,xG,xA,bonus,xB,lastBonus
54,2014,5150,1426,Josip Ilicic,a,Sub,0.0,0.0,0.0,0.0,0.0,0.0,0.0,0.0,0.0,0.0,0.0
429,2014,5114,1426,Josip Ilicic,h,Sub,56.0,0.0,0.0,5.0,0.0,0.0,0.1615792959928512,0.0088300742208957,0.0,0.4935679621994495,0.0
776,2014,5126,1426,Josip Ilicic,a,FW,76.0,0.0,0.0,7.0,0.0,0.0,0.2515361458063125,0.5505005158483981,0.0,1.305108953267336,0.0
876,2014,5130,1426,Josip Ilicic,h,Sub,166.0,0.0,0.0,10.0,0.0,0.0,0.4896646589040755,0.7487398125231265,0.0,2.2177337892353535,0.0
1223,2014,5142,1426,Josip Ilicic,a,FW,179.0,0.0,0.0,10.0,0.0,0.0,0.4896646589040755,0.7487398125231265,0.0,2.2177337892353535,0.0
1745,2014,5081,1426,Josip Ilicic,h,Sub,269.0,0.0,0.0,15.0,1.0,0.0,0.6936556994915007,0.7976064644753931,-0.5,2.378573562949896,-0.5
2232,2014,5098,1426,Josip Ilicic,a,Sub,289.0,0.0,0.0,17.0,1.0,0.0,0.753480315208435,0.7976064644753931,-0.5,2.5580474101006985,0.0
2439,2014,5106,1426,Josip Ilicic,h,FW,325.0,1.0,0.0,19.0,1.0,0.0,0.7984983213245868,0.8611003644764421,2.5,2.756595328450203,3.0
2620,2014,5033,1426,Josip Ilicic,a,FWL,415.0,1.0,0.0,26.0,1.0,0.0,1.453611183911562,0.8611003644764421,2.5,4.721933916211128,0.0
2992,2014,5047,1426,Josip Ilicic,h,FWR,505.0,1.0,0.0,28.0,1.0,0.0,1.4920598603785038,1.1840377338230608,2.5,5.160217314958572,0.0
4096,2014,5016,1426,Josip Ilicic,a,Sub,579.0,1.0,0.0,31.0,2.0,0.0,1.5598363168537617,1.1840377338230608,2.0,4.863546684384346,-0.5
6149,2014,4937,1426,Josip Ilicic,a,Sub,592.0,1.0,0.0,31.0,2.0,0.0,1.5598363168537617,1.2100978214293716,2.0,4.889606771990657,0.0
6549,2014,4952,1426,Josip Ilicic,h,AMC,600.0,1.0,0.0,31.0,2.0,0.0,1.5598363168537617,1.2100978214293716,2.0,4.889606771990657,0.0
6842,2014,4886,1426,Josip Ilicic,a,FWR,690.0,1.0,0.0,36.0,2.0,0.0,1.838077325373888,1.311503620818257,2.0,5.825735596939921,0.0
7149,2014,4897,1426,Josip Ilicic,a,FW,780.0,1.0,0.0,38.0,2.0,0.0,1.9410064183175564,1.327028904110193,2.0,6.150048159062862,0.0
7415,2014,4907,1426,Josip Ilicic,h,AMC,835.0,1.0,0.0,38.0,2.0,0.0,1.9410064183175564,1.327028904110193,2.0,6.150048159062862,0.0
7680,2014,4916,1426,Josip Ilicic,a,FW,925.0,1.0,0.0,41.0,3.0,0.0,2.009149979799986,1.9559645392000673,1.5,6.483414478600025,-0.5
8211,2014,4845,1426,Josip Ilicic,a,FW,995.0,1.0,2.0,41.0,4.0,0.0,2.009149979799986,2.7229882813990116,3.0,6.750438220798969,1.5
8612,2014,4860,1426,Josip Ilicic,h,FWR,1042.0,1.0,2.0,42.0,4.0,0.0,2.0516019389033318,2.7525023128837347,3.0,6.90730812959373,0.0
9102,2014,4877,1426,Josip Ilicic,a,Sub,1097.0,1.0,2.0,46.0,5.0,0.0,2.170583389699459,2.791753327473998,2.5,6.803503496572375,-0.5
9366,2014,4785,1426,Josip Ilicic,h,FWL,1106.0,2.0,2.0,47.0,5.0,0.0,2.2233255244791508,2.791753327473998,5.5,6.96172990091145,3.0
9686,2014,4796,1426,Josip Ilicic,a,FWL,1189.0,4.0,2.0,55.0,6.0,0.0,3.870960984379053,3.0382164772599936,11.0,11.651099430397153,5.5
9978,2014,4807,1426,Josip Ilicic,h,AMC,1279.0,6.0,3.0,57.0,6.0,0.0,4.002166394144297,3.480734145268798,18.0,12.487233327701688,7.0
10188,2014,4814,1426,Josip Ilicic,a,AMC,1369.0,6.0,3.0,63.0,6.0,0.0,4.29993138089776,3.9935304280370474,18.0,13.893324570730329,0.0
10568,2014,4828,1426,Josip Ilicic,h,FWL,1457.0,7.0,3.0,65.0,6.0,0.0,4.405012849718332,4.121828636154532,21.0,14.33686718530953,3.0
