,season,matchId,playerId,player,homeOrAway,position,time,goals,assists,shots,yellowCard,redCard,xG,xA,bonus,xB,lastBonus
499,2014,5116,1104,Leonardo Pavoletti,a,Sub,0.0,0.0,0.0,0.0,0.0,0.0,0.0,0.0,0.0,0.0,0.0
1185,2014,5141,1104,Leonardo Pavoletti,h,Sub,24.0,0.0,0.0,1.0,0.0,0.0,0.1006709039211273,0.0,0.0,0.3020127117633819,0.0
2010,2014,5090,1104,Leonardo Pavoletti,a,Sub,42.0,0.0,0.0,3.0,0.0,0.0,0.4784298539161682,0.0,0.0,1.4352895617485049,0.0
2245,2014,5099,1104,Leonardo Pavoletti,h,Sub,62.0,0.0,0.0,4.0,0.0,0.0,0.599849410355091,0.0,0.0,1.7995482310652735,0.0
2705,2014,5036,1104,Leonardo Pavoletti,a,Sub,72.0,0.0,0.0,4.0,0.0,0.0,0.599849410355091,0.0,0.0,1.7995482310652735,0.0
2803,2014,5040,1104,Leonardo Pavoletti,h,Sub,89.0,0.0,0.0,4.0,0.0,0.0,0.599849410355091,0.0,0.0,1.7995482310652735,0.0
3356,2014,5060,1104,Leonardo Pavoletti,h,Sub,90.0,0.0,0.0,5.0,0.0,0.0,0.6272965632379054,0.0,0.0,1.8818896897137167,0.0
3931,2014,5010,1104,Leonardo Pavoletti,a,Sub,111.0,0.0,0.0,5.0,0.0,0.0,0.6272965632379054,0.0,0.0,1.8818896897137167,0.0
5318,2014,4987,1104,Leonardo Pavoletti,a,Sub,119.0,1.0,0.0,6.0,0.0,0.0,1.0025673173367977,0.0,3.0,3.007701952010393,3.0
6093,2014,4935,1104,Leonardo Pavoletti,a,Sub,123.0,1.0,0.0,6.0,0.0,0.0,1.0025673173367977,0.0,3.0,3.007701952010393,0.0
6248,2014,4941,1104,Leonardo Pavoletti,h,Sub,138.0,1.0,0.0,6.0,1.0,0.0,1.0025673173367977,0.0,2.5,2.507701952010393,-0.5
7251,2014,4901,1104,Leonardo Pavoletti,h,Sub,152.0,1.0,0.0,7.0,1.0,0.0,1.0314152259379625,0.0,2.5,2.5942456778138876,0.0
8339,2014,4850,1104,Leonardo Pavoletti,h,Sub,171.0,1.0,0.0,9.0,1.0,0.0,1.1506835985928774,0.0,2.5,2.952050795778632,0.0
8520,2014,4856,1104,Leonardo Pavoletti,a,Sub,245.0,2.0,0.0,12.0,1.0,0.0,2.477807955816388,0.0908242538571357,5.5,7.0242481213063,3.0
8780,2014,4866,1104,Leonardo Pavoletti,h,FW,256.0,2.0,0.0,13.0,2.0,0.0,2.6078293193131685,0.0908242538571357,5.0,6.914312211796641,-0.5
9729,2014,4798,1104,Leonardo Pavoletti,h,Sub,346.0,3.0,0.0,18.0,3.0,0.0,4.011368261650205,0.25699884444475163,7.5,10.791103629395366,2.5
9881,2014,4803,1104,Leonardo Pavoletti,a,FW,363.0,4.0,1.0,19.0,3.0,0.0,4.121458390727639,0.28943754732608784,11.5,11.153812719509006,4.0
10063,2014,4810,1104,Leonardo Pavoletti,h,FW,453.0,5.0,3.0,20.0,3.0,0.0,4.4339779410511255,0.5188207775354383,16.5,12.320754600688815,5.0
10497,2014,4825,1104,Leonardo Pavoletti,a,FW,543.0,6.0,3.0,23.0,3.0,0.0,4.594901690259576,0.5188207775354383,19.5,12.803525848314166,3.0
