,season,matchId,playerId,player,homeOrAway,position,time,goals,assists,shots,yellowCard,redCard,xG,xA,bonus,xB,lastBonus
342,2014,5111,1383,Manolo Gabbiadini,h,FWR,0.0,0.0,0.0,0.0,0.0,0.0,0.0,0.0,0.0,0.0,0.0
720,2014,5124,1383,Manolo Gabbiadini,a,FWR,90.0,1.0,0.0,5.0,0.0,0.0,0.3034190833568573,0.0,3.0,0.910257250070572,3.0
1334,2014,5146,1383,Manolo Gabbiadini,a,FWR,159.0,1.0,0.0,8.0,1.0,0.0,0.4415956288576126,0.0,2.5,0.824786886572838,-0.5
1516,2014,5073,1383,Manolo Gabbiadini,h,FWR,246.0,2.0,0.0,13.0,1.0,0.0,0.5835037231445312,0.0,5.5,1.250511169433594,3.0
1866,2014,5085,1383,Manolo Gabbiadini,a,FWR,318.0,3.0,0.0,17.0,1.0,0.0,1.0036873817443848,0.0257064905017614,8.5,2.5367686357349157,3.0
2020,2014,5091,1383,Manolo Gabbiadini,h,FWR,408.0,4.0,0.0,23.0,2.0,0.0,1.674160659313202,0.7636427488178015,11.0,4.786124726757407,2.5
2311,2014,5101,1383,Manolo Gabbiadini,a,FWR,494.0,4.0,0.0,26.0,2.0,0.0,1.7864212095737457,1.3667929377406836,11.0,5.726056566461921,0.0
2826,2014,5041,1383,Manolo Gabbiadini,h,FWR,584.0,4.0,0.0,29.0,2.0,0.0,1.9513314068317413,1.4210135284811258,11.0,6.27500774897635,0.0
3257,2014,5056,1383,Manolo Gabbiadini,a,FWR,674.0,4.0,1.0,34.0,2.0,0.0,2.2320191264152527,2.4477258268743753,12.0,8.143783206120133,1.0
3608,2014,4999,1383,Manolo Gabbiadini,h,Sub,747.0,4.0,1.0,37.0,2.0,0.0,2.28012303635478,2.4645732678472996,12.0,8.30494237691164,0.0
3898,2014,5009,1383,Manolo Gabbiadini,a,FWR,758.0,4.0,1.0,38.0,2.0,0.0,2.3086444474756718,2.4645732678472996,12.0,8.390506610274315,0.0
3985,2014,5012,1383,Manolo Gabbiadini,a,Sub,848.0,5.0,2.0,42.0,2.0,0.0,3.0723070837557316,3.2469397224485874,16.0,11.463860973715782,4.0
4330,2014,5025,1383,Manolo Gabbiadini,h,FWR,892.0,6.0,2.0,45.0,3.0,0.0,3.1808927319943905,3.2469397224485874,18.5,11.289617918431759,2.5
4998,2014,4976,1383,Manolo Gabbiadini,h,Sub,982.0,7.0,2.0,49.0,4.0,0.0,3.366480227559805,3.458509285002947,21.0,11.557949967682362,2.5
5553,2014,4996,1383,Manolo Gabbiadini,h,Sub,999.0,7.0,2.0,49.0,4.0,0.0,3.366480227559805,3.458509285002947,21.0,11.557949967682362,0.0
5728,2014,4922,1383,Manolo Gabbiadini,a,AMR,1017.0,7.0,2.0,49.0,4.0,0.0,3.366480227559805,3.458509285002947,21.0,11.557949967682362,0.0
6019,2014,4933,1383,Manolo Gabbiadini,h,AMR,1084.0,8.0,2.0,52.0,4.0,0.0,3.741120722144842,3.522582832723856,24.0,12.745944999158382,3.0
6176,2014,4938,1383,Manolo Gabbiadini,a,Sub,1141.0,9.0,2.0,54.0,4.0,0.0,4.150189843028784,3.522582832723856,27.0,13.973152361810207,3.0
6576,2014,4953,1383,Manolo Gabbiadini,h,AMR,1177.0,10.0,2.0,55.0,4.0,0.0,4.228336591273546,3.522582832723856,30.0,14.207592606544495,3.0
6874,2014,4887,1383,Manolo Gabbiadini,a,Sub,1244.0,10.0,2.0,56.0,4.0,0.0,4.2570484690368176,3.6754282601177692,30.0,14.446573667228222,0.0
7110,2014,4896,1383,Manolo Gabbiadini,h,Sub,1271.0,10.0,2.0,59.0,4.0,0.0,4.4055157117545605,3.734846033155918,30.0,14.9513931684196,0.0
7347,2014,4904,1383,Manolo Gabbiadini,a,Sub,1280.0,10.0,2.0,60.0,4.0,0.0,4.4466660767793655,3.745101752690971,30.0,15.085099983029068,0.0
7692,2014,4917,1383,Manolo Gabbiadini,h,AMC,1286.0,10.0,2.0,63.0,5.0,0.0,4.4922893568873405,3.745101752690971,29.5,14.721969823352993,-0.5
7765,2014,4829,1383,Manolo Gabbiadini,a,Sub,1357.0,10.0,2.0,66.0,5.0,0.0,4.592847436666489,3.846220034174621,29.5,15.124762344174087,0.0
8195,2014,4845,1383,Manolo Gabbiadini,h,AMC,1385.0,10.0,2.0,68.0,5.0,0.0,4.731909692287445,3.860715457238257,29.5,15.556444534100592,0.0
8574,2014,4858,1383,Manolo Gabbiadini,a,Sub,1450.0,10.0,2.0,70.0,5.0,0.0,4.838527403771877,3.860715457238257,29.5,15.876297668553889,0.0
8891,2014,4870,1383,Manolo Gabbiadini,h,AMC,1482.0,11.0,2.0,72.0,5.0,0.0,4.890726242214441,3.9098276691511273,32.5,16.08200639579445,3.0
9187,2014,4880,1383,Manolo Gabbiadini,a,Sub,1549.0,12.0,3.0,74.0,5.0,0.0,4.978453356772661,4.049671535380185,36.5,16.48503160569817,4.0
9396,2014,4786,1383,Manolo Gabbiadini,h,Sub,1566.0,12.0,3.0,75.0,5.0,0.0,4.99008001293987,4.049671535380185,36.5,16.519911574199796,0.0
9655,2014,4795,1383,Manolo Gabbiadini,a,AMR,1600.0,13.0,3.0,78.0,5.0,0.0,5.890198900364339,4.086739175952971,39.5,19.25733587704599,3.0
10008,2014,4808,1383,Manolo Gabbiadini,h,FW,1690.0,14.0,3.0,82.0,5.0,0.0,6.058344869874418,4.289191582240164,42.5,19.964226191863418,3.0
10051,2014,4809,1383,Manolo Gabbiadini,a,Sub,1759.0,15.0,3.0,84.0,5.0,0.0,6.523648648522794,4.289191582240164,45.5,21.360137527808547,3.0
10457,2014,4824,1383,Manolo Gabbiadini,h,Sub,1802.0,15.0,3.0,86.0,5.0,0.0,6.791730075143278,4.417004995979369,45.5,22.2921952214092,0.0
