,season,matchId,playerId,player,homeOrAway,position,time,goals,assists,shots,yellowCard,redCard,xG,xA,bonus,xB,lastBonus
102,2014,5152,1207,Marco Parolo,a,MC,0.0,0.0,0.0,0.0,0.0,0.0,0.0,0.0,0.0,0.0,0.0
367,2014,5112,1207,Marco Parolo,h,MC,90.0,0.0,0.0,2.0,0.0,0.0,0.4404429793357849,0.2290195971727371,0.0,1.550348535180092,0.0
661,2014,5122,1207,Marco Parolo,a,MC,180.0,1.0,0.0,5.0,1.0,0.0,0.7895275354385376,0.27914652600884426,2.5,2.147729132324457,2.5
1095,2014,5138,1207,Marco Parolo,h,MC,270.0,1.0,0.0,7.0,1.0,0.0,1.6100077629089355,0.31947406008839596,2.5,4.649497348815203,0.0
1387,2014,5148,1207,Marco Parolo,a,DMC,360.0,1.0,0.0,8.0,1.0,0.0,1.6504300758242607,0.31947406008839596,2.5,4.770764287561178,0.0
1569,2014,5075,1207,Marco Parolo,h,DMC,450.0,2.0,0.0,11.0,2.0,0.0,1.8595033958554268,0.36492161452770217,5.0,4.943431802093983,2.5
1751,2014,5081,1207,Marco Parolo,a,MC,540.0,2.0,0.0,13.0,2.0,0.0,1.9090507291257381,0.7694238275289533,5.0,5.496576014906168,0.0
2157,2014,5096,1207,Marco Parolo,h,MC,630.0,2.0,0.0,13.0,3.0,0.0,1.9090507291257381,0.7830810351297256,4.5,5.01023322250694,-0.5
2504,2014,5108,1207,Marco Parolo,a,MC,720.0,2.0,0.0,15.0,3.0,0.0,1.9723780788481236,0.85765619110316,4.5,5.274790427647531,0.0
2769,2014,5039,1207,Marco Parolo,h,MC,810.0,2.0,0.0,16.0,3.0,0.0,1.9867139244452119,0.85765619110316,4.5,5.317797964438796,0.0
2920,2014,5044,1207,Marco Parolo,a,MC,900.0,2.0,0.0,17.0,3.0,0.0,2.000977098941803,0.85765619110316,4.5,5.360587487928569,0.0
3102,2014,5051,1207,Marco Parolo,h,MC,979.0,2.0,0.0,19.0,3.0,0.0,2.0943992137908936,0.85765619110316,4.5,5.640853832475841,0.0
3394,2014,5061,1207,Marco Parolo,a,MC,1069.0,2.0,0.0,22.0,3.0,0.0,2.2695937752723694,0.8658759575337167,4.5,6.174657283350825,0.0
3756,2014,5004,1207,Marco Parolo,a,MC,1159.0,2.0,0.0,24.0,3.0,0.0,2.4436793625354767,0.8908623792231078,4.5,6.721900466829538,0.0
4453,2014,5029,1207,Marco Parolo,a,MC,1249.0,2.0,0.0,25.0,4.0,0.0,2.4662034325301647,0.9510650411248203,4.0,6.349675338715315,-0.5
4467,2014,4957,1207,Marco Parolo,h,MC,1339.0,2.0,0.0,26.0,4.0,0.0,2.48106368817389,0.9510650411248203,4.0,6.394256105646491,0.0
4951,2014,4974,1207,Marco Parolo,a,MC,1429.0,3.0,0.0,30.0,4.0,0.0,2.7560149673372507,1.0245572552084918,7.0,7.292602157220244,3.0
5076,2014,4979,1207,Marco Parolo,h,MC,1519.0,3.0,0.0,31.0,4.0,0.0,2.773800503462553,1.0562485717236991,7.0,7.377650082111359,0.0
5325,2014,4988,1207,Marco Parolo,h,MC,1603.0,3.0,0.0,33.0,5.0,0.0,2.8130560144782066,1.1045911051332946,6.5,7.043759148567915,-0.5
5698,2014,4921,1207,Marco Parolo,a,MC,1693.0,5.0,0.0,38.0,5.0,0.0,3.465139828622341,1.1045911051332946,12.5,9.000010591000319,6.0
6073,2014,4935,1207,Marco Parolo,h,MC,1783.0,5.0,0.0,40.0,6.0,0.0,3.5098461844027042,1.1045911051332946,12.0,8.634129658341408,-0.5
6339,2014,4944,1207,Marco Parolo,a,MC,1873.0,5.0,0.0,41.0,6.0,0.0,3.5711337365210056,1.1045911051332946,12.0,8.817992314696312,0.0
6492,2014,4950,1207,Marco Parolo,h,MC,1963.0,5.0,0.0,42.0,6.0,0.0,3.6219505444169044,1.2533727623522277,12.0,9.119224395602942,0.0
6812,2014,4885,1207,Marco Parolo,a,MC,2053.0,5.0,1.0,43.0,7.0,0.0,3.6893201246857643,1.296655278652906,12.5,8.8646156527102,0.5
7398,2014,4906,1207,Marco Parolo,a,MC,2143.0,6.0,1.0,45.0,8.0,0.0,4.286079205572605,1.296655278652906,15.0,10.154892895370722,2.5
7578,2014,4913,1207,Marco Parolo,h,MC,2233.0,6.0,2.0,49.0,8.0,0.0,4.516529448330402,1.6238089017570014,16.0,11.173397246748209,1.0
7816,2014,4831,1207,Marco Parolo,a,MC,2323.0,6.0,2.0,52.0,8.0,0.0,4.615316204726696,1.7157403789460655,16.0,11.561688993126154,0.0
8165,2014,4844,1207,Marco Parolo,h,DMC,2413.0,7.0,2.0,54.0,9.0,0.0,4.713989712297916,1.7157403789460655,18.5,11.357709515839815,2.5
8971,2014,4873,1207,Marco Parolo,h,DMC,2495.0,7.0,2.0,54.0,9.0,0.0,4.713989712297916,1.7157403789460655,18.5,11.357709515839815,0.0
9347,2014,4784,1207,Marco Parolo,a,DMC,2585.0,8.0,2.0,56.0,9.0,0.0,4.737284243106842,1.7570380419492717,21.5,11.468890771269798,3.0
9695,2014,4797,1207,Marco Parolo,h,DMC,2675.0,9.0,2.0,58.0,9.0,0.0,4.835960231721401,1.7709344876930113,24.5,11.778815182857215,3.0
9793,2014,4800,1207,Marco Parolo,a,MC,2765.0,9.0,2.0,60.0,9.0,0.0,5.459540091454983,1.7709344876930113,24.5,13.64955476205796,0.0
10283,2014,4818,1207,Marco Parolo,h,DMC,2855.0,9.0,2.0,63.0,9.0,0.0,5.541889481246471,1.7709344876930113,24.5,13.896602931432426,0.0
10465,2014,4824,1207,Marco Parolo,a,MC,2945.0,9.0,2.0,64.0,9.0,0.0,5.619647771120071,1.7709344876930113,24.5,14.129877801053226,0.0
