,season,matchId,playerId,player,homeOrAway,position,time,goals,assists,shots,yellowCard,redCard,xG,xA,bonus,xB,lastBonus
189,2014,5155,1381,Marek Hamsik,a,AMC,0.0,0.0,0.0,0.0,0.0,0.0,0.0,0.0,0.0,0.0,0.0
398,2014,5113,1381,Marek Hamsik,h,AMC,74.0,0.0,0.0,1.0,0.0,0.0,0.0412974655628204,0.0199031680822372,0.0,0.1437955647706985,0.0
1012,2014,5135,1381,Marek Hamsik,h,AMC,164.0,0.0,0.0,7.0,0.0,0.0,0.30711895227432245,0.3287409394979476,0.0,1.2500977963209154,0.0
1194,2014,5141,1381,Marek Hamsik,a,AMC,231.0,0.0,1.0,10.0,0.0,0.0,0.40336846560239786,0.7828740328550338,1.0,1.9929794296622279,1.0
1922,2014,5087,1381,Marek Hamsik,a,AMC,292.0,0.0,1.0,11.0,0.0,0.0,1.0577841326594353,0.8655688613653182,1.0,4.038921259343624,0.0
2132,2014,5095,1381,Marek Hamsik,h,AMC,355.0,0.0,1.0,12.0,0.0,0.0,1.0901060923933983,1.2704389244318006,1.0,4.540757201611996,0.0
2395,2014,5104,1381,Marek Hamsik,a,AMC,440.0,2.0,2.0,19.0,0.0,0.0,2.0949617251753807,1.647143170237541,8.0,7.932028345763683,7.0
2520,2014,5030,1381,Marek Hamsik,h,AMC,506.0,2.0,2.0,22.0,0.0,0.0,2.198079325258732,1.7056423872709272,8.0,8.299880363047123,0.0
3006,2014,5047,1381,Marek Hamsik,a,AMC,572.0,2.0,2.0,23.0,0.0,0.0,2.656832791864872,2.1231601387262344,8.0,10.09365851432085,0.0
3188,2014,5054,1381,Marek Hamsik,h,AMC,648.0,2.0,2.0,27.0,0.0,0.0,3.1901850476861,2.215967833995819,8.0,11.786522977054119,0.0
3619,2014,4999,1381,Marek Hamsik,a,AMC,738.0,2.0,2.0,31.0,0.0,0.0,3.6337330415844917,2.355699986219406,8.0,13.256899110972881,0.0
3717,2014,5003,1381,Marek Hamsik,h,AMC,817.0,2.0,2.0,32.0,0.0,0.0,3.765638180077076,2.5445316582918167,8.0,13.841446198523045,0.0
4126,2014,5017,1381,Marek Hamsik,a,Sub,878.0,2.0,2.0,35.0,0.0,0.0,3.9153523817658424,2.6204378977417946,8.0,14.366495043039322,0.0
4218,2014,5021,1381,Marek Hamsik,h,AMC,907.0,2.0,2.0,35.0,0.0,0.0,3.9153523817658424,2.6204378977417946,8.0,14.366495043039322,0.0
4704,2014,4965,1381,Marek Hamsik,a,AMC,997.0,2.0,2.0,36.0,0.0,0.0,4.019660584628582,2.767894946038723,8.0,14.826876699924469,0.0
4994,2014,4976,1381,Marek Hamsik,h,AMC,1087.0,2.0,4.0,40.0,0.0,0.0,4.180894739925861,3.6769198402762413,10.0,16.219604060053825,2.0
5095,2014,4979,1381,Marek Hamsik,a,Sub,1147.0,2.0,4.0,41.0,0.0,0.0,4.198664305731654,3.724802929908037,10.0,16.320795847103,0.0
5550,2014,4996,1381,Marek Hamsik,h,AMC,1173.0,2.0,4.0,42.0,0.0,0.0,4.254326077178121,4.15957560017705,10.0,16.92255383171141,0.0
5733,2014,4922,1381,Marek Hamsik,a,Sub,1263.0,2.0,4.0,45.0,0.0,0.0,4.651670666411519,4.985396344214678,10.0,18.940408343449235,0.0
6020,2014,4933,1381,Marek Hamsik,h,AMC,1273.0,2.0,4.0,46.0,0.0,0.0,4.927631558850408,5.491578716784716,10.0,20.27447339333594,0.0
6173,2014,4938,1381,Marek Hamsik,a,AMC,1363.0,2.0,5.0,47.0,0.0,0.0,4.980080747976899,5.936620373278856,11.0,20.876862617209554,1.0
6577,2014,4953,1381,Marek Hamsik,h,AMC,1417.0,2.0,5.0,48.0,0.0,0.0,5.0006310902535915,5.978548213839531,11.0,20.980441484600306,0.0
6870,2014,4887,1381,Marek Hamsik,a,AMC,1500.0,3.0,5.0,51.0,0.0,0.0,5.238579284399748,5.978548213839531,14.0,21.694286067038774,3.0
7107,2014,4896,1381,Marek Hamsik,h,AMC,1563.0,3.0,5.0,52.0,0.0,0.0,5.25193977355957,6.0007618851959705,14.0,21.75658120587468,0.0
7344,2014,4904,1381,Marek Hamsik,a,AMC,1644.0,4.0,6.0,58.0,0.0,0.0,5.731699228286743,6.118779864162207,18.0,23.313877549022436,4.0
7697,2014,4917,1381,Marek Hamsik,h,Sub,1728.0,4.0,6.0,58.0,0.0,0.0,5.731699228286743,6.264638479799032,18.0,23.45973616465926,0.0
8198,2014,4845,1381,Marek Hamsik,h,Sub,1747.0,4.0,7.0,59.0,0.0,0.0,5.746933446265757,6.7152608297765255,19.0,23.956061168573797,1.0
8571,2014,4858,1381,Marek Hamsik,a,AMC,1772.0,5.0,7.0,60.0,0.0,0.0,6.055050567723811,6.7152608297765255,22.0,24.880412532947958,3.0
8896,2014,4870,1381,Marek Hamsik,h,Sub,1830.0,5.0,8.0,62.0,0.0,0.0,6.156077363528311,7.168543603271246,23.0,25.63677569385618,1.0
9182,2014,4880,1381,Marek Hamsik,a,AMC,1853.0,5.0,8.0,64.0,0.0,0.0,6.3977488512173295,7.412217121571302,23.0,26.60546367522329,0.0
9392,2014,4786,1381,Marek Hamsik,h,AMC,1943.0,6.0,8.0,68.0,0.0,0.0,7.085363172926009,7.5336488373577595,26.0,28.789738356135786,3.0
9656,2014,4795,1381,Marek Hamsik,a,AMC,2033.0,7.0,8.0,72.0,1.0,0.0,7.224193775095046,7.571515999734402,28.5,28.74409732501954,2.5
10006,2014,4808,1381,Marek Hamsik,h,AMC,2123.0,7.0,9.0,76.0,1.0,0.0,7.40140048507601,7.652076944708824,29.5,29.356278399936855,1.0
10052,2014,4809,1381,Marek Hamsik,a,Sub,2208.0,7.0,10.0,77.0,1.0,0.0,7.5031842375174165,8.147689089179039,30.5,30.15724180173129,1.0
10454,2014,4824,1381,Marek Hamsik,h,AMC,2229.0,7.0,10.0,82.0,1.0,0.0,7.829731174744666,8.147689089179039,30.5,31.136882613413036,0.0
