,season,matchId,playerId,player,homeOrAway,position,time,goals,assists,shots,yellowCard,redCard,xG,xA,bonus,xB,lastBonus
106,2014,5152,1878,Miroslav Klose,a,FW,0.0,0.0,0.0,0.0,0.0,0.0,0.0,0.0,0.0,0.0,0.0
375,2014,5112,1878,Miroslav Klose,h,Sub,60.0,0.0,0.0,1.0,0.0,0.0,0.0555947348475456,0.0,0.0,0.1667842045426368,0.0
1097,2014,5138,1878,Miroslav Klose,h,FW,88.0,0.0,1.0,1.0,0.0,0.0,0.0555947348475456,0.1141618937253952,1.0,0.28094609826803196,1.0
1575,2014,5075,1878,Miroslav Klose,h,Sub,178.0,0.0,1.0,3.0,0.0,0.0,0.2154536470770835,0.20261953771114338,1.0,0.8489804789423941,0.0
1759,2014,5081,1878,Miroslav Klose,a,Sub,182.0,0.0,1.0,4.0,0.0,0.0,0.6199558600783347,0.20261953771114338,1.0,2.062487117946148,0.0
2164,2014,5096,1878,Miroslav Klose,h,Sub,183.0,0.0,1.0,4.0,0.0,0.0,0.6199558600783347,0.20261953771114338,1.0,2.062487117946148,0.0
2510,2014,5108,1878,Miroslav Klose,a,Sub,226.0,1.0,1.0,6.0,1.0,0.0,1.34124406427145,0.20261953771114338,3.5,3.7263517305254936,2.5
2771,2014,5039,1878,Miroslav Klose,h,FW,228.0,1.0,1.0,6.0,1.0,0.0,1.34124406427145,0.20261953771114338,3.5,3.7263517305254936,0.0
2926,2014,5044,1878,Miroslav Klose,a,Sub,290.0,3.0,2.0,8.0,1.0,0.0,2.0833463296294212,0.7781742066144942,10.5,6.528213195502758,7.0
3105,2014,5051,1878,Miroslav Klose,h,FW,320.0,3.0,2.0,8.0,1.0,0.0,2.0833463296294212,0.7781742066144942,10.5,6.528213195502758,0.0
3400,2014,5061,1878,Miroslav Klose,a,Sub,377.0,3.0,2.0,8.0,1.0,0.0,2.0833463296294212,0.7781742066144942,10.5,6.528213195502758,0.0
3764,2014,5004,1878,Miroslav Klose,a,Sub,384.0,3.0,2.0,8.0,1.0,0.0,2.0833463296294212,0.7781742066144942,10.5,6.528213195502758,0.0
3943,2014,5011,1878,Miroslav Klose,h,Sub,394.0,3.0,2.0,8.0,1.0,0.0,2.0833463296294212,0.7781742066144942,10.5,6.528213195502758,0.0
4456,2014,5029,1878,Miroslav Klose,a,FW,406.0,3.0,2.0,8.0,1.0,0.0,2.0833463296294212,0.7781742066144942,10.5,6.528213195502758,0.0
4957,2014,4974,1878,Miroslav Klose,a,Sub,463.0,3.0,3.0,8.0,2.0,0.0,2.0833463296294212,0.8726580962538718,11.0,6.122697085142136,0.5
5083,2014,4979,1878,Miroslav Klose,h,Sub,486.0,3.0,3.0,9.0,2.0,0.0,2.520621679723263,0.8726580962538718,11.0,7.43452313542366,0.0
5329,2014,4988,1878,Miroslav Klose,h,FW,528.0,3.0,3.0,10.0,2.0,0.0,2.56989074498415,0.8726580962538718,11.0,7.582330331206322,0.0
5702,2014,4921,1878,Miroslav Klose,a,FW,604.0,4.0,4.0,15.0,2.0,0.0,3.455371208488941,1.294281654059887,15.0,10.66039527952671,4.0
6077,2014,4935,1878,Miroslav Klose,h,FW,694.0,5.0,4.0,16.0,2.0,0.0,3.4712993167340755,1.294281654059887,18.0,10.708179604262114,3.0
6342,2014,4944,1878,Miroslav Klose,a,FW,784.0,5.0,4.0,16.0,2.0,0.0,3.4712993167340755,1.619539551436901,18.0,11.033437501639128,0.0
6494,2014,4950,1878,Miroslav Klose,h,FW,859.0,5.0,4.0,17.0,2.0,0.0,3.622743349522352,1.619539551436901,18.0,11.487769600003958,0.0
6818,2014,4885,1878,Miroslav Klose,a,Sub,933.0,5.0,4.0,17.0,2.0,0.0,3.622743349522352,1.6509524993598461,18.0,11.519182547926903,0.0
7136,2014,4897,1878,Miroslav Klose,h,FW,955.0,6.0,4.0,20.0,2.0,0.0,5.221956830471754,2.497497420758009,21.0,17.16336791217327,3.0
7401,2014,4906,1878,Miroslav Klose,a,FW,1045.0,8.0,4.0,23.0,2.0,0.0,7.341801982372999,2.633763026446104,27.0,23.6591689735651,6.0
7582,2014,4913,1878,Miroslav Klose,h,FW,1135.0,8.0,5.0,23.0,2.0,0.0,7.341801982372999,3.0377021841704845,28.0,24.063108131289482,1.0
7819,2014,4831,1878,Miroslav Klose,a,FW,1216.0,8.0,5.0,25.0,2.0,0.0,7.860491018742323,3.0377021841704845,28.0,25.619175240397453,0.0
8169,2014,4844,1878,Miroslav Klose,h,FW,1299.0,9.0,5.0,26.0,2.0,0.0,8.724697273224592,3.0377021841704845,31.0,28.21179400384426,3.0
8405,2014,4852,1878,Miroslav Klose,a,FW,1362.0,10.0,5.0,27.0,3.0,0.0,8.825063604861498,3.569583099335432,33.5,28.544773913919926,2.5
8809,2014,4867,1878,Miroslav Klose,h,FW,1452.0,10.0,5.0,28.0,3.0,0.0,8.897092130035162,3.584270730614662,33.5,28.775547120720148,0.0
8976,2014,4873,1878,Miroslav Klose,h,FW,1514.0,11.0,5.0,31.0,3.0,0.0,9.26928561553359,3.584270730614662,36.5,29.892127577215433,3.0
9700,2014,4797,1878,Miroslav Klose,h,FW,1593.0,12.0,5.0,32.0,4.0,0.0,10.017295476049185,3.584270730614662,39.0,31.636157158762217,2.5
9797,2014,4800,1878,Miroslav Klose,a,FW,1658.0,12.0,5.0,34.0,4.0,0.0,10.432602878659964,3.584270730614662,39.0,32.88207936659455,0.0
10288,2014,4818,1878,Miroslav Klose,h,FW,1728.0,12.0,5.0,34.0,4.0,0.0,10.432602878659964,3.639100968837738,39.0,32.93690960481763,0.0
10471,2014,4824,1878,Miroslav Klose,a,Sub,1818.0,12.0,6.0,37.0,5.0,0.0,10.902362074702978,4.195739805698395,39.5,34.40282602980733,0.5
