,season,matchId,playerId,player,homeOrAway,position,time,goals,assists,shots,yellowCard,redCard,xG,xA,bonus,xB,lastBonus
104,2014,5152,1205,Senad Lulic,a,MC,0.0,0.0,0.0,0.0,0.0,0.0,0.0,0.0,0.0,0.0,0.0
369,2014,5112,1205,Senad Lulic,h,MC,74.0,0.0,0.0,1.0,1.0,0.0,0.0365518033504486,0.0145112294703722,-0.5,-0.375833360478282,-0.5
663,2014,5122,1205,Senad Lulic,a,MC,146.0,0.0,0.0,3.0,1.0,0.0,0.537129670381546,0.0145112294703722,-0.5,1.1259002406150103,0.0
1100,2014,5138,1205,Senad Lulic,h,Sub,236.0,0.0,0.0,5.0,1.0,0.0,0.5904733911156654,0.0372067093849182,-0.5,1.3086268827319145,0.0
1391,2014,5148,1205,Senad Lulic,a,AML,263.0,0.0,0.0,5.0,2.0,0.0,0.5904733911156654,0.0372067093849182,-1.0,0.8086268827319145,-0.5
1573,2014,5075,1205,Senad Lulic,h,AML,353.0,0.0,1.0,7.0,2.0,0.0,0.6319076605141163,0.8096796870231628,0.0,1.7054026685655117,1.0
1756,2014,5081,1205,Senad Lulic,a,FWL,443.0,0.0,1.0,8.0,2.0,0.0,0.6803110986948013,0.8096796870231628,0.0,1.8506129831075668,0.0
2159,2014,5096,1205,Senad Lulic,h,MC,533.0,1.0,1.0,10.0,2.0,0.0,1.6052186042070389,0.8319046441465615,3.0,4.647560456767678,3.0
2508,2014,5108,1205,Senad Lulic,a,FWL,623.0,1.0,1.0,10.0,2.0,0.0,1.6052186042070389,0.8319046441465615,3.0,4.647560456767678,0.0
2772,2014,5039,1205,Senad Lulic,h,FWL,683.0,2.0,1.0,12.0,2.0,0.0,2.248768523335457,0.8469834709540008,6.0,6.5932890409603715,3.0
2925,2014,5044,1205,Senad Lulic,a,FWL,762.0,2.0,3.0,13.0,3.0,0.0,2.313751667737961,1.6485726023092866,7.5,7.089827605523169,1.5
3101,2014,5051,1205,Senad Lulic,h,MC,852.0,2.0,3.0,13.0,3.0,0.0,2.313751667737961,1.6820807727053761,7.5,7.123335775919259,0.0
3761,2014,5004,1205,Senad Lulic,a,FWL,942.0,2.0,3.0,14.0,4.0,0.0,2.385444037616253,1.6942216670140624,7.0,6.850553779862821,-0.5
3942,2014,5011,1205,Senad Lulic,h,FWL,1032.0,2.0,3.0,15.0,4.0,0.0,2.4399674758315086,1.7695048665627837,7.0,7.08940729405731,0.0
4452,2014,5029,1205,Senad Lulic,a,MC,1122.0,3.0,3.0,18.0,4.0,0.0,2.6458211317658424,1.9213822847232223,10.0,7.85884568002075,3.0
4466,2014,4957,1205,Senad Lulic,h,MC,1187.0,3.0,3.0,18.0,5.0,0.0,2.6458211317658424,1.9213822847232223,9.5,7.35884568002075,-0.5
7586,2014,4913,1205,Senad Lulic,h,Sub,1239.0,3.0,4.0,19.0,5.0,0.0,2.77858155220747,2.0370073160156608,10.5,7.872751972638071,1.0
7823,2014,4831,1205,Senad Lulic,a,Sub,1253.0,3.0,4.0,21.0,5.0,0.0,2.897759720683098,2.0370073160156608,10.5,8.230286478064954,0.0
8163,2014,4844,1205,Senad Lulic,h,DL,1260.0,3.0,4.0,21.0,5.0,0.0,2.897759720683098,2.0370073160156608,10.5,8.230286478064954,0.0
8403,2014,4852,1205,Senad Lulic,a,MC,1350.0,3.0,4.0,22.0,5.0,0.0,3.044822722673416,2.0370073160156608,10.5,8.67147548403591,0.0
8808,2014,4867,1205,Senad Lulic,h,AML,1440.0,3.0,4.0,22.0,6.0,0.0,3.044822722673416,2.075991957448423,10.0,8.210460125468671,-0.5
8975,2014,4873,1205,Senad Lulic,h,AML,1524.0,3.0,4.0,23.0,6.0,0.0,3.0688475258648396,2.5932010700926185,10.0,8.799743647687137,0.0
9795,2014,4800,1205,Senad Lulic,a,MC,1614.0,3.0,6.0,23.0,6.0,0.0,3.0688475258648396,3.014610736630857,12.0,9.221153314225376,2.0
10282,2014,4818,1205,Senad Lulic,h,DL,1704.0,3.0,6.0,24.0,6.0,0.0,3.087243117392063,3.204621567390859,12.0,9.466350919567049,0.0
10467,2014,4824,1205,Senad Lulic,a,ML,1761.0,3.0,6.0,25.0,7.0,0.0,3.103746132925153,3.204621567390859,11.5,9.015859966166317,-0.5
