,season,matchId,playerId,player,homeOrAway,position,time,goals,assists,shots,yellowCard,redCard,xG,xA,bonus,xB,lastBonus
317,2014,5110,1804,Álvaro Morata,h,Sub,0.0,0.0,0.0,0.0,0.0,0.0,0.0,0.0,0.0,0.0,0.0
960,2014,5133,1804,Álvaro Morata,h,Sub,1.0,0.0,0.0,1.0,0.0,0.0,0.093628779053688,0.0,0.0,0.2808863371610641,0.0
1169,2014,5140,1804,Álvaro Morata,a,Sub,21.0,0.0,0.0,2.0,0.0,0.0,0.1291105933487414,0.0993413031101226,0.0,0.48667308315634716,0.0
1603,2014,5076,1804,Álvaro Morata,h,Sub,42.0,1.0,0.0,4.0,0.0,0.0,0.6891445703804492,0.0993413031101226,3.0,2.1667750142514706,3.0
2483,2014,5107,1804,Álvaro Morata,a,Sub,70.0,1.0,0.0,7.0,0.0,1.0,0.7826001308858392,0.0993413031101226,2.5,1.947141695767641,-0.5
2564,2014,5031,1804,Álvaro Morata,a,FW,95.0,1.0,0.0,9.0,0.0,1.0,0.9560131095349786,0.1408813558518885,2.5,2.5089206844568253,0.0
2941,2014,5045,1804,Álvaro Morata,h,Sub,185.0,2.0,0.0,11.0,0.0,1.0,1.0487595461308954,0.3143200837075708,5.5,2.960598722100258,3.0
3121,2014,5051,1804,Álvaro Morata,a,Sub,204.0,4.0,0.0,13.0,0.0,1.0,1.5342434905469415,0.3143200837075708,11.5,4.417050555348396,6.0
3553,2014,5067,1804,Álvaro Morata,h,Sub,233.0,4.0,0.0,13.0,0.0,1.0,1.5342434905469415,0.3143200837075708,11.5,4.417050555348396,0.0
3970,2014,5012,1804,Álvaro Morata,h,FW,265.0,4.0,0.0,13.0,0.0,1.0,1.5342434905469415,0.41581081226468064,11.5,4.518541283905506,0.0
4207,2014,5020,1804,Álvaro Morata,a,Sub,336.0,4.0,0.0,15.0,0.0,1.0,1.7129142992198465,0.5893600173294542,11.5,5.228102914988995,0.0
4721,2014,4966,1804,Álvaro Morata,h,Sub,353.0,4.0,0.0,17.0,0.0,1.0,2.095317732542753,0.5893600173294542,11.5,6.375313214957714,0.0
5013,2014,4976,1804,Álvaro Morata,a,Sub,380.0,4.0,0.0,17.0,1.0,1.0,2.095317732542753,0.5893600173294542,11.0,5.875313214957714,-0.5
5274,2014,4986,1804,Álvaro Morata,h,FW,395.0,4.0,1.0,17.0,1.0,1.0,2.095317732542753,0.6566167809069154,12.0,5.942569978535175,1.0
5441,2014,4992,1804,Álvaro Morata,h,FW,485.0,4.0,2.0,19.0,1.0,1.0,2.1965014152228832,0.804209295660257,13.0,6.393713541328907,1.0
5677,2014,4920,1804,Álvaro Morata,a,Sub,575.0,4.0,2.0,23.0,1.0,1.0,2.6994785480201244,0.804209295660257,13.0,7.902644939720631,0.0
5885,2014,4928,1804,Álvaro Morata,h,FW,598.0,4.0,2.0,24.0,1.0,1.0,2.7653015442192554,0.8613030612468716,13.0,8.157207693904638,0.0
6396,2014,4946,1804,Álvaro Morata,a,FW,688.0,5.0,3.0,27.0,1.0,1.0,3.19379298761487,1.194382548332214,17.0,9.775761511176825,4.0
6414,2014,4947,1804,Álvaro Morata,h,Sub,778.0,6.0,4.0,31.0,1.0,1.0,3.6346983499825,1.6582209467887874,21.0,11.562315996736288,4.0
6900,2014,4888,1804,Álvaro Morata,a,FW,794.0,6.0,4.0,31.0,2.0,1.0,3.6346983499825,1.6582209467887874,20.5,11.062315996736288,-0.5
7164,2014,4898,1804,Álvaro Morata,h,FW,877.0,6.0,4.0,33.0,3.0,1.0,3.751117553561926,1.6582209467887874,20.0,10.911573607474566,-0.5
7208,2014,4899,1804,Álvaro Morata,a,Sub,940.0,6.0,4.0,37.0,3.0,1.0,3.903921615332365,1.694591678678989,20.0,11.406356524676085,0.0
8003,2014,4838,1804,Álvaro Morata,h,Sub,969.0,7.0,4.0,39.0,4.0,1.0,4.046952586621046,1.694591678678989,22.5,11.335449438542128,2.5
8100,2014,4841,1804,Álvaro Morata,a,Sub,992.0,7.0,4.0,39.0,4.0,1.0,4.046952586621046,1.694591678678989,22.5,11.335449438542128,0.0
8393,2014,4852,1804,Álvaro Morata,h,Sub,1019.0,7.0,4.0,40.0,4.0,1.0,4.066293321549892,1.694591678678989,22.5,11.393471643328667,0.0
8766,2014,4865,1804,Álvaro Morata,a,FW,1046.0,7.0,4.0,40.0,4.0,1.0,4.066293321549892,1.694591678678989,22.5,11.393471643328667,0.0
9214,2014,4779,1804,Álvaro Morata,a,Sub,1111.0,7.0,4.0,42.0,4.0,1.0,4.108328342437744,1.694591678678989,22.5,11.519576705992222,0.0
9769,2014,4799,1804,Álvaro Morata,a,FW,1129.0,7.0,4.0,42.0,4.0,1.0,4.108328342437744,1.694591678678989,22.5,11.519576705992222,0.0
10036,2014,4809,1804,Álvaro Morata,h,FW,1219.0,8.0,4.0,50.0,5.0,1.0,4.973632216453552,1.694591678678989,25.0,13.615488328039646,2.5
