,season,matchId,playerId,player,homeOrAway,position,time,goals,assists,shots,yellowCard,redCard,xG,xA,bonus,xB,lastBonus
929,2021,16777,1170,Gianluca Caprari,a,AMC,0.0,0.0,0.0,0.0,0.0,0.0,0.0,0.0,0.0,0.0,0.0
1137,2021,16788,1170,Gianluca Caprari,h,AMC,75.0,0.0,0.0,1.0,0.0,0.0,0.1305912435054779,0.0,0.0,0.3917737305164337,0.0
1373,2021,16802,1170,Gianluca Caprari,a,AMC,154.0,1.0,0.0,4.0,0.0,0.0,0.3575640618801117,0.0,3.0,1.072692185640335,3.0
1662,2021,16807,1170,Gianluca Caprari,a,Sub,222.0,1.0,1.0,4.0,0.0,0.0,0.3575640618801117,0.9284719824790956,4.0,2.0011641681194305,1.0
2043,2021,16820,1170,Gianluca Caprari,h,FWL,228.0,1.0,1.0,4.0,0.0,0.0,0.3575640618801117,0.9284719824790956,4.0,2.0011641681194305,0.0
2274,2021,16831,1170,Gianluca Caprari,a,AMC,291.0,2.0,2.0,6.0,1.0,0.0,0.4539264813065528,0.9997289553284645,7.5,1.8615083992481232,3.5
2720,2021,16839,1170,Gianluca Caprari,h,AMC,353.0,3.0,2.0,7.0,1.0,0.0,0.7765204086899755,0.9997289553284645,10.5,2.8292901813983917,3.0
2987,2021,16854,1170,Gianluca Caprari,a,Sub,443.0,3.0,4.0,11.0,1.0,0.0,1.0747522488236425,2.269952692091465,12.5,4.994209438562393,2.0
3150,2021,16860,1170,Gianluca Caprari,h,AMC,486.0,3.0,4.0,11.0,1.0,0.0,1.0747522488236425,2.2853587279096246,12.5,5.009615474380553,0.0
3691,2021,16871,1170,Gianluca Caprari,a,AMC,576.0,3.0,4.0,14.0,1.0,0.0,1.2829710915684698,2.778518290258944,12.5,6.127431564964354,0.0
3979,2021,16880,1170,Gianluca Caprari,h,AMC,660.0,3.0,4.0,17.0,1.0,0.0,1.4452317282557485,2.778518290258944,12.5,6.61421347502619,0.0
4119,2021,16892,1170,Gianluca Caprari,a,AMC,750.0,3.0,4.0,22.0,1.0,0.0,1.7851345166563986,3.0297374138608575,12.5,7.885140963830054,0.0
4413,2021,16900,1170,Gianluca Caprari,h,AMC,840.0,3.0,4.0,22.0,1.0,0.0,1.7851345166563986,3.1885127732530236,12.5,8.04391632322222,0.0
4833,2021,16915,1170,Gianluca Caprari,a,FW,930.0,3.0,4.0,24.0,1.0,0.0,1.9222686663269994,3.3192458311095834,12.5,8.586051830090582,0.0
5126,2021,16918,1170,Gianluca Caprari,h,FW,1020.0,4.0,4.0,29.0,1.0,0.0,2.8972989097237587,3.372237821109593,15.5,11.564134550280869,3.0
5546,2021,16935,1170,Gianluca Caprari,a,AMC,1110.0,4.0,4.0,32.0,2.0,0.0,3.0331606343388557,3.5060083465650678,15.0,11.605490249581635,-0.5
5718,2021,16938,1170,Gianluca Caprari,h,AMC,1137.0,4.0,4.0,32.0,2.0,0.0,3.0331606343388557,3.5060083465650678,15.0,11.605490249581635,0.0
5942,2021,16955,1170,Gianluca Caprari,a,AMC,1218.0,4.0,5.0,33.0,3.0,0.0,3.054744800552726,3.853994240052998,15.5,11.518228641711175,0.5
6228,2021,16959,1170,Gianluca Caprari,h,AMC,1308.0,6.0,5.0,36.0,3.0,0.0,3.6878816690295935,3.9798820512369275,21.5,13.543527058325708,6.0
6453,2021,16974,1170,Gianluca Caprari,a,AMC,1398.0,6.0,5.0,38.0,3.0,0.0,3.756803607568145,4.072777939029038,21.5,13.843188761733472,0.0
