,season,matchId,playerId,player,homeOrAway,position,time,goals,assists,shots,yellowCard,redCard,xG,xA,bonus,xB,lastBonus
292,2021,16765,1383,Manolo Gabbiadini,h,FW,0.0,0.0,0.0,0.0,0.0,0.0,0.0,0.0,0.0,0.0,0.0
2305,2021,16826,1383,Manolo Gabbiadini,a,AMC,73.0,0.0,0.0,2.0,1.0,0.0,0.0975867435336113,0.0846527069807052,-0.5,-0.1225870624184608,-0.5
2534,2021,16843,1383,Manolo Gabbiadini,h,FW,128.0,0.0,0.0,4.0,1.0,0.0,0.2180917412042617,0.2387051135301589,-0.5,0.3929803371429444,0.0
2933,2021,16852,1383,Manolo Gabbiadini,h,FWR,200.0,0.0,1.0,6.0,1.0,0.0,0.35919922590255726,0.3431279957294463,0.5,0.9207256734371185,1.0
3202,2021,16865,1383,Manolo Gabbiadini,a,Sub,266.0,0.0,1.0,8.0,1.0,0.0,0.4014812782406806,0.7411504983901975,0.5,1.4455943331122398,0.0
3585,2021,16872,1383,Manolo Gabbiadini,h,FW,302.0,0.0,1.0,9.0,1.0,0.0,0.4940282702445983,0.7411504983901975,0.5,1.723235309123993,0.0
3909,2021,16883,1383,Manolo Gabbiadini,a,Sub,371.0,0.0,1.0,9.0,2.0,0.0,0.4940282702445983,0.9080170691013334,0.0,1.3901018798351288,-0.5
4108,2021,16892,1383,Manolo Gabbiadini,h,Sub,374.0,0.0,1.0,10.0,2.0,0.0,0.6133521199226377,0.9080170691013334,0.0,1.7480734288692474,0.0
4399,2021,16898,1383,Manolo Gabbiadini,a,FW,375.0,0.0,1.0,11.0,2.0,0.0,0.770065903663635,0.9080170691013334,0.0,2.2182147800922394,0.0
4847,2021,16913,1383,Manolo Gabbiadini,h,FW,465.0,1.0,1.0,15.0,3.0,0.0,1.0949295759201048,0.9523532614111898,2.5,2.737141989171505,2.5
4987,2021,16917,1383,Manolo Gabbiadini,a,FW,555.0,2.0,1.0,20.0,3.0,0.0,1.5936379134654997,0.9702493753284213,5.5,4.251163115724921,3.0
5499,2021,16933,1383,Manolo Gabbiadini,h,AMC,624.0,4.0,1.0,23.0,3.0,0.0,2.0159803926944733,1.0436296742409463,11.5,5.591570852324367,6.0
5795,2021,16942,1383,Manolo Gabbiadini,a,FW,685.0,5.0,1.0,29.0,3.0,0.0,2.6292335093021393,1.0602552685886617,14.5,7.447955796495079,3.0
5870,2021,16953,1383,Manolo Gabbiadini,h,FW,775.0,6.0,1.0,32.0,3.0,0.0,2.87461918592453,1.1395072061568494,17.5,8.26336476393044,3.0
6126,2021,16961,1383,Manolo Gabbiadini,a,FW,847.0,7.0,1.0,34.0,3.0,0.0,3.4801748991012573,1.1395072061568494,20.5,10.080031903460622,3.0
6347,2021,16973,1383,Manolo Gabbiadini,h,AMC,937.0,7.0,1.0,36.0,3.0,0.0,3.537096779793501,1.1820248197764154,20.5,10.293315159156919,0.0
