,season,matchId,playerId,player,homeOrAway,position,time,goals,assists,shots,yellowCard,redCard,xG,xA,bonus,xB,lastBonus
86,2021,16758,1134,Mario Pasalic,a,MC,0.0,0.0,0.0,0.0,0.0,0.0,0.0,0.0,0.0,0.0,0.0
412,2021,16769,1134,Mario Pasalic,h,MC,90.0,0.0,1.0,0.0,0.0,0.0,0.0,0.6057978868484497,1.0,0.6057978868484497,1.0
691,2021,16776,1134,Mario Pasalic,h,MC,167.0,0.0,1.0,0.0,0.0,0.0,0.0,0.6885023713111877,1.0,0.6885023713111877,0.0
1054,2021,16792,1134,Mario Pasalic,a,MC,253.0,0.0,1.0,0.0,0.0,0.0,0.0,0.6885023713111877,1.0,0.6885023713111877,0.0
1296,2021,16796,1134,Mario Pasalic,h,Sub,300.0,0.0,1.0,0.0,0.0,0.0,0.0,0.6885023713111877,1.0,0.6885023713111877,0.0
1628,2021,16808,1134,Mario Pasalic,a,Sub,306.0,0.0,1.0,0.0,0.0,0.0,0.0,0.6885023713111877,1.0,0.6885023713111877,0.0
2171,2021,16816,1134,Mario Pasalic,h,Sub,319.0,0.0,1.0,0.0,0.0,0.0,0.0,0.7233350500464438,1.0,0.7233350500464438,0.0
2335,2021,16827,1134,Mario Pasalic,a,AMC,321.0,1.0,1.0,1.0,0.0,0.0,0.5171942710876465,0.7233350500464438,4.0,2.2749178633093834,3.0
2655,2021,16836,1134,Mario Pasalic,h,MC,411.0,1.0,3.0,4.0,0.0,0.0,0.7672103941440582,2.1183101162314415,6.0,4.419941298663616,2.0
2950,2021,16852,1134,Mario Pasalic,a,AMC,486.0,1.0,4.0,5.0,0.0,0.0,1.045129507780075,2.137187769636512,7.0,5.272576292976737,1.0
3119,2021,16856,1134,Mario Pasalic,h,AMC,545.0,1.0,4.0,6.0,0.0,0.0,1.1089776530861855,2.137187769636512,7.0,5.464120728895068,0.0
3538,2021,16866,1134,Mario Pasalic,a,AMC,606.0,1.0,4.0,6.0,0.0,0.0,1.1089776530861855,2.177708627656102,7.0,5.5046415869146585,0.0
3740,2021,16876,1134,Mario Pasalic,h,FWL,696.0,2.0,4.0,11.0,0.0,0.0,2.411866642534733,2.570392759516835,10.0,9.805992687121034,3.0
4152,2021,16888,1134,Mario Pasalic,a,Sub,785.0,4.0,5.0,13.0,1.0,0.0,3.1927802935242653,3.0220981556922197,16.5,12.100439036265016,6.5
4352,2021,16896,1134,Mario Pasalic,h,FWL,816.0,4.0,5.0,13.0,1.0,0.0,3.1927802935242653,3.0220981556922197,16.5,12.100439036265016,0.0
4741,2021,16911,1134,Mario Pasalic,a,Sub,906.0,7.0,5.0,19.0,1.0,0.0,4.931803859770298,3.4481071550399065,25.5,17.7435187343508,9.0
5141,2021,16918,1134,Mario Pasalic,a,FWL,923.0,7.0,5.0,19.0,2.0,0.0,4.931803859770298,3.5353401843458414,25.0,17.330751763656735,-0.5
5346,2021,16926,1134,Mario Pasalic,h,FWL,979.0,7.0,5.0,21.0,2.0,0.0,5.024110749363899,3.5353401843458414,25.0,17.60767243243754,0.0
5615,2021,16937,1134,Mario Pasalic,a,Sub,1046.0,7.0,5.0,22.0,2.0,0.0,5.096183426678181,3.5353401843458414,25.0,17.823890464380383,0.0
6154,2021,16964,1134,Mario Pasalic,a,AMC,1069.0,7.0,5.0,22.0,2.0,0.0,5.096183426678181,3.5353401843458414,25.0,17.823890464380383,0.0
6528,2021,16966,1134,Mario Pasalic,h,FWL,1143.0,8.0,5.0,26.0,2.0,0.0,5.314748577773571,3.5353401843458414,28.0,18.479585917666554,3.0
