,season,matchId,playerId,player,homeOrAway,position,time,goals,assists,shots,yellowCard,redCard,xG,xA,bonus,xB,lastBonus
126,2016,936,1491,Alejandro Gomez,h,FWL,0.0,0.0,0.0,0.0,0.0,0.0,0.0,0.0,0.0,0.0,0.0
321,2016,944,1491,Alejandro Gomez,a,FW,90.0,0.0,0.0,4.0,0.0,0.0,0.1303171664476394,0.0179456211626529,0.0,0.4088971205055713,0.0
616,2016,957,1491,Alejandro Gomez,h,FWL,180.0,0.0,0.0,7.0,1.0,0.0,0.2512903660535811,0.0328474398702382,0.0,0.286718538030982,0.0
846,2016,966,1491,Alejandro Gomez,a,FW,270.0,0.0,0.0,11.0,1.0,0.0,0.37789334356784804,0.7451530452817677,0.0,1.3788330759853125,0.0
1143,2016,979,1491,Alejandro Gomez,h,AMC,360.0,0.0,0.0,13.0,1.0,0.0,0.4149653129279611,0.8467431273311375,0.0,1.5916390661150217,0.0
1374,2016,988,1491,Alejandro Gomez,a,FW,450.0,0.0,0.0,16.0,1.0,0.0,0.8754847757518289,0.8905891012400388,0.0,3.0170434284955263,0.0
1500,2016,994,1491,Alejandro Gomez,h,FW,516.0,1.0,0.0,20.0,1.0,0.0,1.339876066893339,0.8905891012400388,3.0,4.410217301920056,3.0
1724,2016,1003,1491,Alejandro Gomez,a,AMC,599.0,1.0,0.0,23.0,1.0,0.0,1.461497690528631,1.389366401359439,3.0,5.2738594729453325,0.0
2040,2016,1017,1491,Alejandro Gomez,h,AMC,688.0,1.0,0.0,26.0,1.0,0.0,1.61215990409255,1.4265082869678736,3.0,5.762987999245524,0.0
2292,2016,3287,1491,Alejandro Gomez,a,AMC,772.0,1.0,0.0,27.0,1.0,0.0,1.625750715844333,1.4265082869678736,3.0,5.803760434500873,0.0
2395,2016,3292,1491,Alejandro Gomez,h,AMC,828.0,1.0,0.0,28.0,1.0,0.0,1.6343229375779627,1.4744724463671446,3.0,5.877441259101033,0.0
2736,2016,2752,1491,Alejandro Gomez,a,AMC,918.0,2.0,0.0,32.0,1.0,0.0,1.9036994241178034,1.4744724463671446,6.0,6.685570718720555,3.0
2980,2016,2763,1491,Alejandro Gomez,h,AMC,1005.0,3.0,0.0,36.0,1.0,0.0,3.159012343734503,1.4744724463671446,9.0,10.451509477570653,3.0
3205,2016,2772,1491,Alejandro Gomez,a,FW,1095.0,3.0,0.0,43.0,1.0,0.0,3.3699069134891033,1.672672538086772,9.0,11.282393278554082,0.0
3321,2016,3067,1491,Alejandro Gomez,a,FW,1178.0,3.0,2.0,46.0,1.0,0.0,3.4182413816452026,2.5773702543228865,11.0,12.332094399258494,2.0
3632,2016,3081,1491,Alejandro Gomez,h,AMC,1268.0,3.0,2.0,48.0,1.0,0.0,3.48751999437809,2.5773702543228865,11.0,12.539930237457156,0.0
3809,2016,3088,1491,Alejandro Gomez,a,FW,1358.0,3.0,3.0,50.0,2.0,0.0,3.5516028702259064,3.609071461483836,12.0,13.263880072161555,1.0
4012,2016,3097,1491,Alejandro Gomez,h,FW,1448.0,3.0,3.0,53.0,3.0,0.0,3.6854616850614548,3.639902727678418,12.0,13.196287782862782,0.0
4342,2016,3527,1491,Alejandro Gomez,a,FW,1538.0,3.0,4.0,57.0,4.0,0.0,3.782947577536106,4.393803196027875,13.0,13.742645928636193,1.0
4574,2016,3537,1491,Alejandro Gomez,a,AMC,1625.0,5.0,4.0,63.0,4.0,0.0,5.212901867926121,4.482887806370854,19.0,18.121593410149217,6.0
4815,2016,3548,1491,Alejandro Gomez,h,AMC,1715.0,5.0,4.0,66.0,4.0,0.0,5.348328374326229,4.5632384438067675,19.0,18.608223566785455,0.0
4961,2016,3552,1491,Alejandro Gomez,a,FW,1804.0,6.0,4.0,71.0,4.0,0.0,6.266336522996426,4.6910221595317125,22.0,21.49003172852099,3.0
5224,2016,3565,1491,Alejandro Gomez,h,FW,1891.0,6.0,4.0,73.0,4.0,0.0,6.303417056798935,5.00800416059792,22.0,21.918255330994725,0.0
5534,2016,3578,1491,Alejandro Gomez,a,FW,1981.0,8.0,4.0,77.0,4.0,0.0,6.5052630007267,5.188617991283536,28.0,22.704406993463635,6.0
5641,2016,3583,1491,Alejandro Gomez,h,FW,2071.0,9.0,5.0,81.0,4.0,0.0,6.834591597318649,6.0526628363877535,32.0,24.5564376283437,4.0
5861,2016,3592,1491,Alejandro Gomez,a,FW,2161.0,9.0,5.0,84.0,4.0,0.0,7.05506432056427,6.181738616898656,32.0,25.346931578591466,0.0
6144,2016,3603,1491,Alejandro Gomez,h,AMC,2244.0,9.0,5.0,85.0,4.0,0.0,7.075680918991566,6.2615865636616945,32.0,25.48862932063639,0.0
6384,2016,3612,1491,Alejandro Gomez,a,AMC,2334.0,9.0,5.0,89.0,4.0,0.0,7.217816613614559,6.804198222234845,32.0,26.457648063078523,0.0
6705,2016,3630,1491,Alejandro Gomez,h,FW,2395.0,9.0,5.0,91.0,4.0,0.0,7.278974559158087,7.156371908262372,32.0,26.993295585736632,0.0
6859,2016,3632,1491,Alejandro Gomez,a,AMC,2485.0,11.0,6.0,94.0,4.0,0.0,7.931093838065863,8.027623491361737,39.0,29.820905005559325,7.0
7033,2016,3650,1491,Alejandro Gomez,h,AMC,2568.0,14.0,6.0,98.0,4.0,0.0,9.818941380828619,8.154200272634625,48.0,35.61102441512048,9.0
7483,2016,3662,1491,Alejandro Gomez,h,AMC,2658.0,14.0,7.0,101.0,5.0,0.0,9.981719192117453,8.762311892583966,49.0,36.207469468936324,1.0
7721,2016,3674,1491,Alejandro Gomez,h,FW,2748.0,14.0,8.0,101.0,5.0,0.0,9.981719192117453,9.346812861040235,50.0,36.79197043739259,1.0
8007,2016,3682,1491,Alejandro Gomez,a,AMC,2838.0,14.0,9.0,105.0,6.0,0.0,10.178480681031942,10.052146689966321,51.0,37.58758873306215,1.0
8215,2016,3697,1491,Alejandro Gomez,h,FW,2903.0,14.0,10.0,109.0,6.0,0.0,10.421197768300772,10.096832966431975,52.0,38.36042627133429,1.0
8485,2016,3702,1491,Alejandro Gomez,a,AMC,2993.0,14.0,10.0,112.0,6.0,0.0,10.98278683051467,10.172794027253985,52.0,40.121154518797994,0.0
8663,2016,3712,1491,Alejandro Gomez,h,AMC,3083.0,15.0,10.0,113.0,6.0,0.0,11.009661829099059,10.414888186380267,55.0,40.443873673677444,3.0
