,season,matchId,playerId,player,homeOrAway,position,time,goals,assists,shots,yellowCard,redCard,xG,xA,bonus,xB,lastBonus
144,2016,936,1487,Andrea Conti,h,MR,0.0,0.0,0.0,0.0,0.0,0.0,0.0,0.0,0.0,0.0,0.0
388,2016,944,1487,Andrea Conti,a,Sub,90.0,0.0,2.0,1.0,1.0,0.0,0.0123764993622899,0.0951882898807525,1.5,-0.3676822120323777,1.5
995,2016,966,1487,Andrea Conti,a,DMR,121.0,0.0,2.0,1.0,1.0,0.0,0.0123764993622899,0.0951882898807525,1.5,-0.3676822120323777,0.0
1619,2016,988,1487,Andrea Conti,a,Sub,211.0,0.0,2.0,1.0,1.0,0.0,0.0123764993622899,0.0951882898807525,1.5,-0.3676822120323777,0.0
1764,2016,994,1487,Andrea Conti,h,MR,217.0,0.0,2.0,1.0,1.0,0.0,0.0123764993622899,0.0951882898807525,1.5,-0.3676822120323777,0.0
2030,2016,1003,1487,Andrea Conti,a,MR,307.0,0.0,2.0,1.0,2.0,0.0,0.0123764993622899,0.0951882898807525,1.0,-0.8676822120323777,-0.5
2408,2016,1017,1487,Andrea Conti,h,MR,397.0,0.0,2.0,1.0,2.0,0.0,0.0123764993622899,0.0951882898807525,1.0,-0.8676822120323777,0.0
2700,2016,3287,1487,Andrea Conti,a,MR,487.0,0.0,2.0,2.0,2.0,0.0,0.4933097781613469,0.1283349581062793,1.0,0.6082642925903201,0.0
2826,2016,3292,1487,Andrea Conti,h,MR,565.0,0.0,2.0,2.0,3.0,0.0,0.4933097781613469,0.18526756763458238,0.5,0.1651969021186233,-0.5
3230,2016,2752,1487,Andrea Conti,a,MR,655.0,0.0,2.0,3.0,4.0,0.0,0.593993772752583,0.2568880170583723,0.0,0.03886933531612172,-0.5
3790,2016,2772,1487,Andrea Conti,a,MR,745.0,1.0,2.0,6.0,5.0,0.0,0.7502361135557294,0.3085030168294904,2.5,0.05921135749667891,2.5
3930,2016,3067,1487,Andrea Conti,a,MR,835.0,1.0,2.0,8.0,5.0,0.0,1.1122503774240613,0.334009267389774,2.5,1.1707603996619582,0.0
4305,2016,3081,1487,Andrea Conti,h,MR,890.0,1.0,2.0,8.0,5.0,0.0,1.1122503774240613,0.334009267389774,2.5,1.1707603996619582,0.0
4513,2016,3088,1487,Andrea Conti,a,MR,964.0,1.0,2.0,10.0,5.0,0.0,1.4691926138475537,0.43891519308090166,2.5,2.3464930346235633,0.0
4750,2016,3097,1487,Andrea Conti,h,MR,1054.0,1.0,2.0,11.0,6.0,0.0,1.5726325334981084,0.5157219991087909,2.0,2.2336195996031165,-0.5
5152,2016,3527,1487,Andrea Conti,a,MR,1113.0,1.0,2.0,11.0,6.0,0.0,1.5726325334981084,0.5157219991087909,2.0,2.2336195996031165,0.0
5430,2016,3537,1487,Andrea Conti,a,MR,1203.0,2.0,2.0,12.0,6.0,0.0,2.191210967488587,0.609723791480064,5.0,4.183356693945825,3.0
5722,2016,3548,1487,Andrea Conti,h,MR,1293.0,2.0,2.0,12.0,7.0,0.0,2.191210967488587,0.609723791480064,4.5,3.683356693945825,-0.5
5903,2016,3552,1487,Andrea Conti,a,MR,1355.0,2.0,2.0,12.0,7.0,0.0,2.191210967488587,0.609723791480064,4.5,3.683356693945825,0.0
6222,2016,3565,1487,Andrea Conti,h,MR,1445.0,2.0,2.0,14.0,7.0,0.0,2.273797203786671,0.609723791480064,4.5,3.931115402840078,0.0
6600,2016,3578,1487,Andrea Conti,a,MR,1535.0,2.0,3.0,14.0,8.0,0.0,2.273797203786671,0.7209522649645801,5.0,3.542343876324594,0.5
6725,2016,3583,1487,Andrea Conti,h,MR,1625.0,3.0,3.0,17.0,8.0,0.0,3.2833557622507215,0.7209522649645801,8.0,6.571019551716745,3.0
6989,2016,3592,1487,Andrea Conti,a,MR,1715.0,4.0,3.0,19.0,9.0,0.0,3.92066000867635,0.7209522649645801,10.5,7.982932290993631,2.5
7339,2016,3603,1487,Andrea Conti,h,MR,1805.0,4.0,4.0,21.0,9.0,0.0,4.008740593679249,1.2038867995142932,11.5,8.730108580552042,1.0
7630,2016,3612,1487,Andrea Conti,a,MR,1895.0,4.0,4.0,21.0,9.0,0.0,4.008740593679249,1.2821433618664737,11.5,8.808365142904222,0.0
8189,2016,3632,1487,Andrea Conti,a,MR,1985.0,4.0,4.0,23.0,9.0,0.0,4.05882949475199,1.2821433618664737,11.5,8.958631846122444,0.0
8399,2016,3650,1487,Andrea Conti,h,MR,2064.0,5.0,4.0,26.0,9.0,0.0,4.245286085642874,1.3543823510408397,14.5,9.590240607969463,3.0
8694,2016,3652,1487,Andrea Conti,a,DML,2136.0,5.0,4.0,27.0,9.0,0.0,4.343393684364855,1.4276892244815822,14.5,9.957870277576149,0.0
8931,2016,3662,1487,Andrea Conti,h,MR,2226.0,5.0,5.0,27.0,9.0,0.0,4.343393684364855,1.5222066864371295,15.5,10.052387739531696,1.0
9210,2016,3674,1487,Andrea Conti,h,MR,2316.0,6.0,5.0,28.0,9.0,0.0,4.6719929883256555,1.5222066864371295,18.5,11.038185651414096,3.0
9797,2016,3697,1487,Andrea Conti,h,MR,2406.0,7.0,5.0,29.0,10.0,0.0,5.241237432695925,1.9543317481875415,21.0,12.678044046275318,2.5
10118,2016,3702,1487,Andrea Conti,a,MR,2496.0,8.0,5.0,30.0,11.0,0.0,5.944541425444186,2.091087035834789,23.5,14.424711312167346,2.5
10328,2016,3712,1487,Andrea Conti,h,MR,2586.0,8.0,5.0,32.0,12.0,0.0,6.385996014811099,2.091087035834789,23.0,15.249075080268085,-0.5
