,season,matchId,playerId,player,homeOrAway,position,time,goals,assists,shots,yellowCard,redCard,xG,xA,bonus,xB,lastBonus
402,2016,945,1481,Antonino Ragusa,h,Sub,0.0,0.0,0.0,0.0,0.0,0.0,0.0,0.0,0.0,0.0,0.0
581,2016,951,1481,Antonino Ragusa,a,FWL,25.0,0.0,0.0,1.0,0.0,0.0,0.0386855602264404,0.0,0.0,0.1160566806793212,0.0
931,2016,964,1481,Antonino Ragusa,h,FWL,105.0,0.0,0.0,2.0,0.0,0.0,0.0846198573708533,0.0,0.0,0.2538595721125601,0.0
1463,2016,983,1481,Antonino Ragusa,h,FWL,151.0,0.0,0.0,2.0,0.0,0.0,0.0846198573708533,0.0554766990244388,0.0,0.3093362711369989,0.0
2877,2016,3293,1481,Antonino Ragusa,a,Sub,216.0,0.0,0.0,4.0,0.0,0.0,0.14958256483077992,0.11111982166767109,0.0,0.5598675161600111,0.0
3432,2016,2759,1481,Antonino Ragusa,a,FWL,225.0,0.0,0.0,5.0,0.0,0.0,0.4244202375411986,0.11111982166767109,0.0,1.3843805342912672,0.0
3852,2016,2774,1481,Antonino Ragusa,a,FWL,308.0,1.0,1.0,7.0,0.0,0.0,0.5669831186532973,0.7295034676790236,4.0,2.430452823638916,4.0
4060,2016,3072,1481,Antonino Ragusa,h,FWL,398.0,1.0,1.0,9.0,1.0,0.0,0.6012834571301935,0.7295034676790236,3.5,2.033353839069605,-0.5
4409,2016,3084,1481,Antonino Ragusa,a,FWL,488.0,2.0,1.0,11.0,2.0,0.0,1.5799020193517208,0.7295034676790236,6.0,4.469209525734186,2.5
4589,2016,3090,1481,Antonino Ragusa,h,FWL,578.0,2.0,1.0,11.0,2.0,0.0,1.5799020193517208,0.8469994440674781,6.0,4.586705502122641,0.0
4937,2016,3103,1481,Antonino Ragusa,a,FWL,668.0,2.0,1.0,13.0,2.0,0.0,1.6595973335206509,1.0714646354317663,6.0,5.050256635993719,0.0
5058,2016,3524,1481,Antonino Ragusa,h,MC,758.0,2.0,1.0,15.0,3.0,0.0,1.7541494630277157,1.0892814006656406,5.5,4.851729789748788,-0.5
5339,2016,3534,1481,Antonino Ragusa,h,AML,848.0,2.0,1.0,17.0,4.0,0.0,2.0501053892076015,1.152711210772395,5.0,5.3030273783952,-0.5
5980,2016,3557,1481,Antonino Ragusa,h,Sub,938.0,3.0,1.0,20.0,4.0,0.0,2.453356470912695,1.152711210772395,8.0,6.51278062351048,3.0
6158,2016,3562,1481,Antonino Ragusa,a,FWL,950.0,3.0,1.0,21.0,4.0,0.0,2.477704606950283,1.152711210772395,8.0,6.585825031623244,0.0
6539,2016,3576,1481,Antonino Ragusa,h,Sub,1040.0,3.0,1.0,21.0,4.0,0.0,2.477704606950283,1.152711210772395,8.0,6.585825031623244,0.0
7123,2016,3596,1481,Antonino Ragusa,h,Sub,1057.0,3.0,1.0,23.0,4.0,0.0,3.139415465295315,1.2760820370167492,8.0,8.694328432902694,0.0
7499,2016,3611,1481,Antonino Ragusa,a,Sub,1067.0,3.0,1.0,23.0,4.0,0.0,3.139415465295315,1.2760820370167492,8.0,8.694328432902694,0.0
7595,2016,3613,1481,Antonino Ragusa,h,Sub,1083.0,3.0,1.0,23.0,4.0,0.0,3.139415465295315,1.3370014559477565,8.0,8.755247851833701,0.0
8099,2016,3638,1481,Antonino Ragusa,h,Sub,1109.0,3.0,1.0,23.0,4.0,0.0,3.139415465295315,1.4312342088669536,8.0,8.849480604752898,0.0
8419,2016,3650,1481,Antonino Ragusa,a,FWL,1114.0,3.0,1.0,24.0,4.0,0.0,3.1707062646746635,1.4312342088669536,8.0,8.943353002890944,0.0
8881,2016,3660,1481,Antonino Ragusa,h,FWL,1196.0,3.0,1.0,25.0,4.0,0.0,3.5186322554945946,1.4312342088669536,8.0,9.987130975350738,0.0
8992,2016,3668,1481,Antonino Ragusa,h,FWL,1286.0,4.0,1.0,27.0,4.0,0.0,3.867590181529522,1.4580775797367094,11.0,11.060848124325275,3.0
9635,2016,3686,1481,Antonino Ragusa,h,FWL,1376.0,4.0,2.0,27.0,4.0,0.0,3.867590181529522,1.519213933497667,12.0,11.121984478086233,1.0
10169,2016,3704,1481,Antonino Ragusa,h,Sub,1423.0,4.0,2.0,27.0,5.0,0.0,3.867590181529522,1.519213933497667,11.5,10.621984478086233,-0.5
