,season,matchId,playerId,player,homeOrAway,position,time,goals,assists,shots,yellowCard,redCard,xG,xA,bonus,xB,lastBonus
180,2016,937,1444,Blerim Dzemaili,h,Sub,0.0,0.0,0.0,0.0,0.0,0.0,0.0,0.0,0.0,0.0,0.0
437,2016,946,1444,Blerim Dzemaili,a,MC,10.0,0.0,1.0,3.0,0.0,0.0,0.1123580783605575,0.1023246645927429,1.0,0.4393988996744156,1.0
619,2016,953,1444,Blerim Dzemaili,h,MC,67.0,0.0,1.0,3.0,0.0,0.0,0.1123580783605575,0.1023246645927429,1.0,0.4393988996744156,0.0
885,2016,962,1444,Blerim Dzemaili,a,DMC,157.0,0.0,1.0,5.0,1.0,0.0,0.1923532411456107,0.12166633084416381,0.5,0.19872605428099638,-0.5
1123,2016,971,1444,Blerim Dzemaili,h,MC,247.0,0.0,1.0,8.0,1.0,0.0,0.3415517732501029,0.12166633084416381,0.5,0.6463216505944729,0.0
1528,2016,985,1444,Blerim Dzemaili,a,MC,337.0,0.0,1.0,10.0,1.0,0.0,0.3807393573224543,0.26840220764279354,0.5,0.910620279610157,0.0
1795,2016,995,1444,Blerim Dzemaili,h,MC,427.0,0.0,1.0,11.0,2.0,0.0,0.4159051887691019,0.3709809221327304,0.0,0.6186964884400368,-0.5
2437,2016,1018,1444,Blerim Dzemaili,h,MC,516.0,0.0,1.0,12.0,2.0,1.0,0.4645414687693117,0.3709809221327304,-0.5,0.2646053284406662,-0.5
2646,2016,3285,1444,Blerim Dzemaili,a,MC,606.0,0.0,1.0,13.0,2.0,1.0,0.5561474747955797,0.37957810889929516,-0.5,0.5480205332860351,0.0
2773,2016,3290,1444,Blerim Dzemaili,h,MC,696.0,0.0,1.0,15.0,2.0,1.0,0.580500468611717,0.40261426847428067,-0.5,0.6441156743094325,0.0
3318,2016,2755,1444,Blerim Dzemaili,a,FWR,786.0,0.0,1.0,16.0,3.0,1.0,0.643968693912029,0.40261426847428067,-1.0,0.33452035021036863,-0.5
3553,2016,2764,1444,Blerim Dzemaili,h,MC,876.0,0.0,1.0,17.0,3.0,1.0,0.6891989633440968,0.4678900046274064,-1.0,0.5354868946596979,0.0
3777,2016,2772,1444,Blerim Dzemaili,h,MC,966.0,1.0,1.0,19.0,3.0,1.0,0.757566042244434,0.4678900046274064,2.0,0.7405881313607094,3.0
4153,2016,3075,1444,Blerim Dzemaili,a,MC,1056.0,1.0,1.0,20.0,3.0,1.0,0.7653755503706631,0.48363661672919955,2.0,0.7797632678411899,0.0
4336,2016,3082,1444,Blerim Dzemaili,h,MC,1146.0,1.0,1.0,20.0,3.0,1.0,0.7653755503706631,0.5356246409937736,2.0,0.8317512921057639,0.0
4654,2016,3093,1444,Blerim Dzemaili,a,MC,1236.0,1.0,1.0,24.0,4.0,1.0,0.9093264299444851,0.7701554028317329,1.5,0.9981346926651893,-0.5
5210,2016,3529,1444,Blerim Dzemaili,a,MC,1310.0,2.0,1.0,27.0,4.0,1.0,1.0337520944885905,0.8247179677709933,4.5,1.4259742512367664,3.0
5238,2016,3530,1444,Blerim Dzemaili,a,MC,1382.0,2.0,1.0,29.0,4.0,1.0,1.1036129477433856,0.8542870962992306,4.5,1.665125939529389,0.0
5668,2016,3546,1444,Blerim Dzemaili,h,MC,1472.0,3.0,1.0,33.0,4.0,1.0,1.5931659522466357,1.011227109469473,7.5,3.290724966209382,3.0
6085,2016,3560,1444,Blerim Dzemaili,h,MC,1562.0,5.0,1.0,37.0,5.0,1.0,2.34148373035714,1.0346267102286215,13.0,5.059077901300043,5.5
6363,2016,3571,1444,Blerim Dzemaili,h,MC,1652.0,5.0,1.0,41.0,5.0,1.0,2.4382036882452662,1.0346267102286215,13.0,5.349237774964422,0.0
6629,2016,3579,1444,Blerim Dzemaili,a,MC,1742.0,5.0,1.0,43.0,6.0,1.0,2.4998466405086215,1.5735558150336142,12.5,5.57309573655948,-0.5
6782,2016,3585,1444,Blerim Dzemaili,h,MC,1832.0,6.0,1.0,44.0,7.0,1.0,2.527530207764357,2.1348498342558737,15.0,5.717440457548946,2.5
7077,2016,3593,1444,Blerim Dzemaili,a,AMC,1922.0,6.0,1.0,45.0,7.0,1.0,2.5460239551030095,2.159301334060728,15.0,5.797373199369758,0.0
7506,2016,3607,1444,Blerim Dzemaili,h,MC,2012.0,6.0,1.0,48.0,7.0,1.0,2.793955703731626,2.159301334060728,15.0,6.541168445255607,0.0
7604,2016,3613,1444,Blerim Dzemaili,a,MC,2102.0,6.0,1.0,51.0,8.0,1.0,2.882934493478387,2.159301334060728,14.5,6.308104814495891,-0.5
7897,2016,3622,1444,Blerim Dzemaili,h,MC,2192.0,6.0,2.0,54.0,8.0,1.0,3.036901352461427,2.8153631025925274,15.5,7.42606715997681,1.0
8225,2016,3633,1444,Blerim Dzemaili,a,Sub,2282.0,8.0,2.0,59.0,8.0,1.0,4.604188559111208,2.8379132868722077,21.5,12.150478964205831,6.0
8570,2016,3649,1444,Blerim Dzemaili,h,MC,2315.0,8.0,2.0,59.0,8.0,1.0,4.604188559111208,2.8379132868722077,21.5,12.150478964205831,0.0
8723,2016,3653,1444,Blerim Dzemaili,a,MC,2405.0,8.0,2.0,62.0,9.0,1.0,4.965849933680147,2.9216524558141823,21.0,12.819202256854624,-0.5
8949,2016,3662,1444,Blerim Dzemaili,a,AMC,2495.0,8.0,2.0,62.0,9.0,1.0,4.965849933680147,2.9216524558141823,21.0,12.819202256854624,0.0
