,season,matchId,playerId,player,homeOrAway,position,time,goals,assists,shots,yellowCard,redCard,xG,xA,bonus,xB,lastBonus
163,2016,936,1209,Ciro Immobile,a,FW,0.0,0.0,0.0,0.0,0.0,0.0,0.0,0.0,0.0,0.0,0.0
288,2016,941,1209,Ciro Immobile,h,FW,90.0,1.0,0.0,5.0,1.0,0.0,0.8140135407447815,0.0,2.5,1.9420406222343445,2.5
664,2016,954,1209,Ciro Immobile,a,FW,180.0,1.0,0.0,6.0,1.0,0.0,0.8347867168486118,0.0636716485023498,2.5,2.0680317990481853,0.0
846,2016,961,1209,Ciro Immobile,h,FW,270.0,1.0,0.0,9.0,1.0,0.0,1.155533079057932,0.0636716485023498,2.5,3.0302708856761456,0.0
1113,2016,970,1209,Ciro Immobile,a,FW,360.0,2.0,0.0,16.0,1.0,0.0,2.555512312799692,0.0636716485023498,5.5,7.230208586901426,3.0
1546,2016,986,1209,Ciro Immobile,h,FW,450.0,2.0,0.0,20.0,1.0,0.0,2.7774557657539845,0.15973693132400502,5.5,7.9921042285859585,0.0
1700,2016,991,1209,Ciro Immobile,a,FW,540.0,2.0,0.0,22.0,1.0,0.0,2.862994749099016,0.15973693132400502,5.5,8.248721178621054,0.0
2105,2016,1006,1209,Ciro Immobile,h,FW,618.0,4.0,0.0,25.0,1.0,0.0,3.2749051339924335,0.1856653112918137,11.5,9.510380713269114,6.0
2315,2016,1013,1209,Ciro Immobile,a,FW,708.0,5.0,0.0,32.0,2.0,0.0,5.081542778760195,0.1856653112918137,14.0,14.430293647572398,2.5
2579,2016,3283,1209,Ciro Immobile,h,FW,798.0,6.0,0.0,35.0,2.0,0.0,5.235966045409441,0.3221273887902496,17.0,15.030025525018573,3.0
2859,2016,3293,1209,Ciro Immobile,h,FW,871.0,8.0,0.0,43.0,2.0,0.0,7.49219711497426,0.3221273887902496,23.0,21.79871873371303,6.0
3096,2016,2747,1209,Ciro Immobile,a,FW,957.0,9.0,0.0,45.0,2.0,0.0,7.954686958342791,0.3221273887902496,26.0,23.18618826381862,3.0
3445,2016,2760,1209,Ciro Immobile,h,FW,1044.0,9.0,0.0,48.0,2.0,0.0,8.08666119351983,0.4110097009688613,26.0,23.670993281528354,0.0
3683,2016,2768,1209,Ciro Immobile,a,FW,1134.0,9.0,0.0,53.0,2.0,0.0,8.384951118379831,0.4538878519088027,26.0,24.608741207048297,0.0
3977,2016,3069,1209,Ciro Immobile,h,FW,1224.0,9.0,0.0,58.0,2.0,0.0,8.789647612720728,0.6631476450711487,26.0,26.032090483233333,0.0
4212,2016,3077,1209,Ciro Immobile,a,FW,1314.0,9.0,0.0,62.0,2.0,0.0,9.123691085726023,0.6631476450711487,26.0,27.034220902249217,0.0
4699,2016,3095,1209,Ciro Immobile,h,FW,1404.0,9.0,0.0,67.0,2.0,0.0,10.170249108225107,0.6631476450711487,26.0,30.17389496974647,0.0
4797,2016,3098,1209,Ciro Immobile,a,FW,1494.0,9.0,1.0,69.0,2.0,0.0,10.352690938860178,0.91607697494328,27.0,30.974149791523814,1.0
5087,2016,3525,1209,Ciro Immobile,h,FW,1584.0,9.0,1.0,72.0,2.0,0.0,10.466205883771181,0.91607697494328,27.0,31.314694626256824,0.0
5422,2016,3537,1209,Ciro Immobile,h,FW,1674.0,10.0,1.0,79.0,3.0,0.0,11.239453483372927,0.9665256794542072,29.5,33.18488612957299,2.5
5603,2016,3542,1209,Ciro Immobile,a,FW,1763.0,11.0,1.0,85.0,4.0,0.0,12.175547290593386,1.6633446272462604,32.0,36.18998649902642,2.5
6269,2016,3566,1209,Ciro Immobile,a,FW,1853.0,11.0,1.0,85.0,5.0,0.0,12.175547290593386,1.6823254041373727,31.5,35.70896727591753,-0.5
6674,2016,3581,1209,Ciro Immobile,h,FW,1939.0,12.0,2.0,89.0,5.0,0.0,12.790542710572481,2.273764234036207,35.5,38.14539236575365,4.0
6770,2016,3584,1209,Ciro Immobile,a,FW,2029.0,12.0,2.0,93.0,5.0,0.0,13.39946024492383,2.391763601452112,35.5,40.0901443362236,0.0
7176,2016,3601,1209,Ciro Immobile,h,FW,2119.0,13.0,2.0,98.0,5.0,0.0,14.09949629381299,2.391763601452112,38.5,42.19025248289108,3.0
7523,2016,3607,1209,Ciro Immobile,a,FW,2209.0,14.0,2.0,99.0,5.0,0.0,14.860795129090548,2.391763601452112,41.5,44.474148988723755,3.0
7788,2016,3620,1209,Ciro Immobile,h,FW,2299.0,16.0,2.0,104.0,5.0,0.0,16.167034972459078,2.391763601452112,47.5,48.392868518829346,6.0
7998,2016,3627,1209,Ciro Immobile,a,FW,2389.0,17.0,2.0,113.0,5.0,0.0,17.023439038544893,2.5481745339930058,50.5,51.118491649627686,3.0
8110,2016,3638,1209,Ciro Immobile,a,FW,2479.0,17.0,2.0,116.0,5.0,0.0,17.11857534572482,2.5762786213308573,50.5,51.43200465850532,0.0
8629,2016,3646,1209,Ciro Immobile,h,FW,2569.0,18.0,2.0,120.0,5.0,0.0,17.839514564722776,2.644524985924363,53.5,53.66306868009269,3.0
8866,2016,3658,1209,Ciro Immobile,a,FW,2659.0,18.0,2.0,122.0,5.0,0.0,17.932209718972445,2.717511983588338,53.5,54.01414114050567,0.0
9104,2016,3669,1209,Ciro Immobile,h,FW,2749.0,18.0,2.0,125.0,5.0,0.0,18.534759152680635,2.728482955135405,53.5,55.83276041317731,0.0
9718,2016,3690,1209,Ciro Immobile,h,FW,2839.0,20.0,3.0,128.0,5.0,0.0,18.917528677731752,3.3130645090714097,60.5,57.56565054226667,7.0
9790,2016,3696,1209,Ciro Immobile,a,Sub,2929.0,22.0,3.0,130.0,5.0,0.0,20.184769440442324,3.73892589751631,66.5,61.79323421884328,6.0
10277,2016,3707,1209,Ciro Immobile,h,FW,2948.0,22.0,3.0,131.0,5.0,0.0,20.201831568032503,3.7468333784490824,66.5,61.85232808254659,0.0
10515,2016,3716,1209,Ciro Immobile,a,FW,3038.0,22.0,3.0,133.0,5.0,0.0,20.34023829177022,3.7468333784490824,66.5,62.26754825375974,0.0
