,season,matchId,playerId,player,homeOrAway,position,time,goals,assists,shots,yellowCard,redCard,xG,xA,bonus,xB,lastBonus
692,2016,955,1147,Cyril Théréau,a,FW,0.0,0.0,0.0,0.0,0.0,0.0,0.0,0.0,0.0,0.0,0.0
903,2016,963,1147,Cyril Théréau,h,FW,63.0,0.0,0.0,1.0,0.0,0.0,0.0230444520711898,0.0587473958730697,0.0,0.1278807520866394,0.0
1324,2016,978,1147,Cyril Théréau,h,Sub,153.0,0.0,0.0,1.0,0.0,0.0,0.0230444520711898,0.1280650720000266,0.0,0.1971984282135963,0.0
1477,2016,983,1147,Cyril Théréau,a,FW,167.0,0.0,0.0,1.0,0.0,0.0,0.0230444520711898,0.1280650720000266,0.0,0.1971984282135963,0.0
2008,2016,1002,1147,Cyril Théréau,a,FW,243.0,0.0,0.0,1.0,0.0,0.0,0.0230444520711898,0.1280650720000266,0.0,0.1971984282135963,0.0
2273,2016,1012,1147,Cyril Théréau,h,AML,333.0,0.0,0.0,2.0,0.0,0.0,0.061648443341255105,0.1280650720000266,0.0,0.31301040202379216,0.0
2762,2016,3289,1147,Cyril Théréau,a,FWL,423.0,2.0,0.0,5.0,1.0,0.0,1.224118784070015,0.1846267394721507,5.5,3.3569830916821957,5.5
2998,2016,3298,1147,Cyril Théréau,h,FWL,511.0,3.0,0.0,8.0,1.0,0.0,1.4329446405172348,0.1846267394721507,8.5,3.983460661023855,3.0
3208,2016,2751,1147,Cyril Théréau,a,FWL,601.0,4.0,0.0,9.0,1.0,0.0,1.785406693816185,0.279907565563917,11.5,5.136127647012472,3.0
3362,2016,2757,1147,Cyril Théréau,h,FWL,667.0,5.0,0.0,12.0,1.0,0.0,2.1026204377412796,0.279907565563917,14.5,6.087768878787756,3.0
3712,2016,2769,1147,Cyril Théréau,a,FWL,757.0,5.0,0.0,13.0,1.0,0.0,2.124419627711177,0.279907565563917,14.5,6.153166448697448,0.0
4143,2016,3075,1147,Cyril Théréau,h,FWL,847.0,5.0,0.0,17.0,1.0,0.0,2.379199890419841,0.4160453043878076,14.5,7.05364497564733,0.0
4325,2016,3081,1147,Cyril Théréau,a,FWL,937.0,5.0,0.0,21.0,1.0,0.0,2.5223203878849745,0.7712422572076318,14.5,7.8382034208625555,0.0
4616,2016,3091,1147,Cyril Théréau,h,FWL,1027.0,6.0,2.0,23.0,1.0,0.0,3.0102678518742323,1.2271834276616571,19.5,9.757986983284354,5.0
4853,2016,3101,1147,Cyril Théréau,a,FWL,1117.0,8.0,2.0,29.0,1.0,0.0,4.383108614012599,1.5058433972299097,25.5,14.155169239267707,6.0
5033,2016,3522,1147,Cyril Théréau,h,FWL,1206.0,8.0,2.0,30.0,1.0,0.0,4.410270867869258,1.5620426833629606,25.5,14.292855286970735,0.0
5396,2016,3536,1147,Cyril Théréau,h,FWL,1288.0,8.0,2.0,31.0,2.0,0.0,4.497815480455756,1.6027293391525743,25.0,14.096175780519843,-0.5
5714,2016,3547,1147,Cyril Théréau,a,FWL,1378.0,8.0,2.0,33.0,2.0,0.0,5.016421904787421,1.6395100913941858,25.0,15.68877580575645,0.0
6005,2016,3558,1147,Cyril Théréau,h,FWL,1468.0,8.0,2.0,35.0,2.0,0.0,5.128089798614383,1.6395100913941858,25.0,16.023779487237334,0.0
6214,2016,3564,1147,Cyril Théréau,a,FWL,1558.0,9.0,2.0,38.0,2.0,0.0,5.530584318563342,1.9214816652238367,28.0,17.513234620913863,3.0
6466,2016,3573,1147,Cyril Théréau,a,FWL,1648.0,9.0,2.0,41.0,2.0,0.0,5.673610297963023,1.9591816700994966,28.0,17.980012563988566,0.0
6869,2016,3588,1147,Cyril Théréau,h,FWL,1717.0,9.0,2.0,44.0,2.0,0.0,5.751812739297748,1.9591816700994966,28.0,18.21461988799274,0.0
7191,2016,3601,1147,Cyril Théréau,a,FWL,1807.0,9.0,2.0,49.0,2.0,0.0,6.844579262658954,1.9591816700994966,28.0,21.492919458076358,0.0
7748,2016,3621,1147,Cyril Théréau,a,FWL,1867.0,9.0,2.0,52.0,2.0,0.0,7.0142210107296705,2.1485305614769454,28.0,22.191193593665957,0.0
8041,2016,3629,1147,Cyril Théréau,h,FWL,1942.0,10.0,2.0,53.0,2.0,0.0,7.474654821678996,2.1485305614769454,31.0,23.572495026513934,3.0
8489,2016,3644,1147,Cyril Théréau,h,FWL,2002.0,11.0,2.0,55.0,3.0,0.0,7.511766100302339,2.1485305614769454,33.5,23.18382886238396,2.5
8923,2016,3661,1147,Cyril Théréau,a,FWL,2092.0,11.0,2.0,57.0,3.0,0.0,7.5943023432046175,2.1485305614769454,33.5,23.4314375910908,0.0
9019,2016,3663,1147,Cyril Théréau,h,FW,2163.0,11.0,2.0,57.0,3.0,0.0,7.5943023432046175,2.1485305614769454,33.5,23.4314375910908,0.0
9452,2016,3681,1147,Cyril Théréau,a,FW,2229.0,11.0,2.0,60.0,3.0,0.0,8.5313467849046,2.1949149481952186,33.5,26.288955302909017,0.0
9553,2016,3682,1147,Cyril Théréau,h,Sub,2290.0,11.0,2.0,61.0,3.0,0.0,8.540234006941319,2.1949149481952186,33.5,26.315616969019175,0.0
10012,2016,3701,1147,Cyril Théréau,a,FWL,2305.0,11.0,2.0,62.0,3.0,0.0,8.582247141748667,2.1949149481952186,33.5,26.44165637344122,0.0
10222,2016,3710,1147,Cyril Théréau,h,FW,2365.0,11.0,2.0,63.0,3.0,0.0,8.666940364986658,2.1949149481952186,33.5,26.695736043155193,0.0
10598,2016,3721,1147,Cyril Théréau,a,FW,2426.0,12.0,2.0,65.0,3.0,0.0,9.078035209327936,2.1949149481952186,36.5,27.929020576179028,3.0
