,season,matchId,playerId,player,homeOrAway,position,time,goals,assists,shots,yellowCard,redCard,xG,xA,bonus,xB,lastBonus
494,2016,948,1249,Daniele De Rossi,a,MC,0.0,0.0,0.0,0.0,0.0,0.0,0.0,0.0,0.0,0.0,0.0
702,2016,956,1249,Daniele De Rossi,h,MC,90.0,0.0,0.0,0.0,0.0,0.0,0.0,0.0812940523028373,0.0,0.0812940523028373,0.0
1082,2016,969,1249,Daniele De Rossi,a,MC,180.0,0.0,0.0,1.0,1.0,0.0,0.0511947311460971,0.0812940523028373,-0.5,-0.2651217542588711,-0.5
1444,2016,982,1249,Daniele De Rossi,a,DMC,270.0,0.0,0.0,1.0,1.0,0.0,0.0511947311460971,0.0812940523028373,-0.5,-0.2651217542588711,0.0
1906,2016,999,1249,Daniele De Rossi,h,DMC,317.0,0.0,0.0,2.0,2.0,0.0,0.06039569247514,0.0812940523028373,-1.0,-0.7375188702717423,-0.5
1948,2016,1000,1249,Daniele De Rossi,a,DMC,407.0,0.0,0.0,2.0,2.0,0.0,0.06039569247514,0.538818173110485,-1.0,-0.27999474946409464,0.0
2466,2016,1019,1249,Daniele De Rossi,h,DMC,497.0,0.0,1.0,2.0,2.0,0.0,0.06039569247514,0.9135612174868583,0.0,0.09474829491227865,1.0
2730,2016,3288,1249,Daniele De Rossi,a,DMC,587.0,0.0,1.0,2.0,2.0,0.0,0.06039569247514,0.9426720701158046,0.0,0.12385914754122496,0.0
2953,2016,3296,1249,Daniele De Rossi,a,DMC,677.0,0.0,1.0,3.0,2.0,0.0,0.1240055086091159,0.9426720701158046,0.0,0.31468859594315285,0.0
3301,2016,2755,1249,Daniele De Rossi,h,DMC,761.0,0.0,1.0,3.0,3.0,0.0,0.1240055086091159,0.9426720701158046,-0.5,-0.18531140405684715,-0.5
3539,2016,2763,1249,Daniele De Rossi,a,DMC,851.0,0.0,1.0,4.0,3.0,0.0,0.1852336796000598,0.9426720701158046,-0.5,-0.0016268910840154527,0.0
3811,2016,2773,1249,Daniele De Rossi,h,Sub,941.0,0.0,1.0,5.0,3.0,0.0,0.2969706850126383,0.9426720701158046,-0.5,0.33358412515372027,0.0
3987,2016,3069,1249,Daniele De Rossi,a,DMC,966.0,0.0,1.0,5.0,3.0,0.0,0.2969706850126383,0.9426720701158046,-0.5,0.33358412515372027,0.0
4418,2016,3085,1249,Daniele De Rossi,h,DMC,1056.0,0.0,2.0,5.0,3.0,0.0,0.2969706850126383,0.968123225495219,0.5,0.35903528053313477,1.0
4543,2016,3089,1249,Daniele De Rossi,a,DMC,1146.0,0.0,2.0,7.0,3.0,0.0,0.3830834226682779,0.968123225495219,0.5,0.6173734935000537,0.0
5126,2016,3526,1249,Daniele De Rossi,a,MC,1218.0,0.0,2.0,7.0,4.0,0.0,0.3830834226682779,0.968123225495219,0.0,0.11737349350005366,-0.5
5752,2016,3549,1249,Daniele De Rossi,h,MC,1308.0,0.0,2.0,9.0,5.0,0.0,0.5096319066360588,0.968123225495219,-0.5,-0.0029810545966031388,-0.5
5849,2016,3554,1249,Daniele De Rossi,a,MC,1398.0,0.0,2.0,9.0,5.0,0.0,0.5096319066360588,1.4365706127136944,-0.5,0.46546633262187215,0.0
6335,2016,3569,1249,Daniele De Rossi,h,MC,1476.0,0.0,2.0,9.0,5.0,0.0,0.5096319066360588,1.4923399630933998,-0.5,0.5212356830015775,0.0
6495,2016,3574,1249,Daniele De Rossi,a,Sub,1561.0,0.0,4.0,9.0,6.0,0.0,0.5096319066360588,2.006604427471757,1.0,0.5355001473799345,1.5
7215,2016,3598,1249,Daniele De Rossi,a,MC,1571.0,0.0,4.0,9.0,6.0,0.0,0.5096319066360588,2.006604427471757,1.0,0.5355001473799345,0.0
7256,2016,3608,1249,Daniele De Rossi,h,DMC,1656.0,0.0,4.0,9.0,7.0,0.0,0.5096319066360588,2.3307686392217875,0.5,0.3596643591299651,-0.5
7778,2016,3618,1249,Daniele De Rossi,a,Sub,1735.0,0.0,4.0,9.0,8.0,0.0,0.5096319066360588,2.3795973006635904,0.0,-0.09150697942823194,-0.5
8072,2016,3631,1249,Daniele De Rossi,h,Sub,1744.0,0.0,4.0,9.0,8.0,0.0,0.5096319066360588,2.3795973006635904,0.0,-0.09150697942823194,0.0
8583,2016,3649,1249,Daniele De Rossi,a,DMC,1745.0,0.0,4.0,9.0,8.0,0.0,0.5096319066360588,2.4003827050328255,0.0,-0.07072157505899694,0.0
8681,2016,3652,1249,Daniele De Rossi,h,MC,1835.0,0.0,4.0,10.0,8.0,0.0,0.5265155909582967,2.4003827050328255,0.0,-0.020070522092283043,0.0
9268,2016,3675,1249,Daniele De Rossi,h,MC,1913.0,0.0,4.0,13.0,8.0,0.0,0.6450941516086452,2.461085643619299,0.0,0.39636809844523635,0.0
9757,2016,3689,1249,Daniele De Rossi,a,DMC,1989.0,1.0,4.0,14.0,8.0,0.0,1.4063929868862026,2.487842582166195,3.0,2.7070215428248043,3.0
10021,2016,3695,1249,Daniele De Rossi,h,MC,2079.0,2.0,4.0,15.0,8.0,0.0,2.1676918221637598,2.51525903865695,6.0,5.018334505148232,3.0
10065,2016,3709,1249,Daniele De Rossi,a,MC,2169.0,3.0,4.0,18.0,9.0,0.0,3.6173784686252466,2.51525903865695,8.5,8.867394444532692,2.5
10414,2016,3714,1249,Daniele De Rossi,h,DMC,2259.0,3.0,4.0,18.0,9.0,0.0,3.6173784686252466,2.51525903865695,8.5,8.867394444532692,0.0
