,season,matchId,playerId,player,homeOrAway,position,time,goals,assists,shots,yellowCard,redCard,xG,xA,bonus,xB,lastBonus
109,2016,934,1360,Diego Falcinelli,a,Sub,0.0,0.0,0.0,0.0,0.0,0.0,0.0,0.0,0.0,0.0,0.0
804,2016,959,1360,Diego Falcinelli,a,FW,14.0,0.0,0.0,0.0,0.0,0.0,0.0,0.0,0.0,0.0,0.0
1014,2016,967,1360,Diego Falcinelli,h,FW,104.0,0.0,0.0,0.0,0.0,0.0,0.0,0.1368213295936584,0.0,0.1368213295936584,0.0
1309,2016,977,1360,Diego Falcinelli,a,FW,194.0,0.0,1.0,4.0,0.0,0.0,0.3220520615577698,0.7861531376838684,1.0,1.7523093223571777,1.0
1602,2016,988,1360,Diego Falcinelli,h,FW,284.0,0.0,1.0,5.0,0.0,0.0,0.3943266198039055,0.8124808389693499,1.0,1.9954606983810663,0.0
1839,2016,996,1360,Diego Falcinelli,a,FW,374.0,0.0,2.0,6.0,0.0,0.0,0.4435415118932724,1.2008813936263323,2.0,2.5315059293061495,1.0
2147,2016,1007,1360,Diego Falcinelli,a,FW,464.0,0.0,2.0,12.0,0.0,0.0,0.7025503665208817,1.2974915150552988,2.0,3.4051426146179438,0.0
2357,2016,1015,1360,Diego Falcinelli,h,FW,554.0,1.0,2.0,16.0,0.0,0.0,1.1198111325502396,1.3483356144279242,5.0,4.707769012078643,3.0
2677,2016,3286,1360,Diego Falcinelli,a,FW,644.0,1.0,2.0,18.0,0.0,0.0,1.2756196409463882,1.3483356144279242,5.0,5.175194537267089,0.0
2914,2016,3295,1360,Diego Falcinelli,h,FWR,728.0,2.0,2.0,19.0,0.0,0.0,1.8752662688493729,1.3483356144279242,8.0,6.974134420976043,3.0
3264,2016,2753,1360,Diego Falcinelli,a,FW,818.0,3.0,2.0,22.0,0.0,0.0,2.6200618892908096,1.4365799333900213,11.0,9.29676560126245,3.0
3474,2016,2761,1360,Diego Falcinelli,h,FW,908.0,3.0,2.0,23.0,0.0,0.0,2.6786374785006046,1.4365799333900213,11.0,9.472492368891835,0.0
3725,2016,2770,1360,Diego Falcinelli,h,FW,998.0,3.0,2.0,26.0,0.0,0.0,2.9988628663122654,1.6132189389318228,11.0,10.609807537868619,0.0
3964,2016,3068,1360,Diego Falcinelli,a,FW,1088.0,4.0,2.0,29.0,0.0,0.0,3.267304603010416,1.6132189389318228,14.0,11.41513274796307,3.0
4170,2016,3076,1360,Diego Falcinelli,h,FW,1178.0,5.0,2.0,32.0,0.0,0.0,3.890291217714548,1.6472166944295168,17.0,13.318090347573161,3.0
4630,2016,3091,1360,Diego Falcinelli,a,FW,1266.0,5.0,2.0,34.0,1.0,0.0,3.9609579034149647,1.6591098308563232,16.5,13.041983541101217,-0.5
5101,2016,3525,1360,Diego Falcinelli,a,FW,1356.0,5.0,2.0,38.0,1.0,0.0,4.16504568234086,1.6908542588353157,16.5,13.685991305857897,0.0
5227,2016,3530,1360,Diego Falcinelli,h,FW,1446.0,5.0,2.0,40.0,1.0,0.0,4.621437165886164,1.7188754603266716,16.5,15.083186957985163,0.0
5632,2016,3544,1360,Diego Falcinelli,a,FW,1536.0,5.0,2.0,47.0,2.0,0.0,4.953714791685343,1.774563517421484,16.0,15.635707892477512,-0.5
5867,2016,3555,1360,Diego Falcinelli,h,FW,1626.0,5.0,2.0,48.0,2.0,0.0,4.974377673119307,1.7941559106111526,16.0,15.717288929969072,0.0
6298,2016,3567,1360,Diego Falcinelli,a,FW,1716.0,8.0,2.0,56.0,3.0,0.0,7.010054390877485,1.806272517889738,24.5,21.336435690522194,8.5
6396,2016,3570,1360,Diego Falcinelli,h,FW,1806.0,8.0,2.0,57.0,3.0,0.0,7.045094180852175,1.9144662506878376,24.5,21.549748793244362,0.0
6480,2016,3574,1360,Diego Falcinelli,h,FW,1890.0,8.0,2.0,58.0,3.0,0.0,7.094822950661182,1.9144662506878376,24.5,21.698935102671385,0.0
6743,2016,3583,1360,Diego Falcinelli,a,FW,1980.0,8.0,2.0,59.0,3.0,0.0,7.168335989117622,1.9144662506878376,24.5,21.919474218040705,0.0
7092,2016,3594,1360,Diego Falcinelli,h,FW,2070.0,8.0,2.0,60.0,3.0,0.0,7.195243587717414,1.9144662506878376,24.5,22.00019701384008,0.0
7482,2016,3611,1360,Diego Falcinelli,h,FW,2160.0,8.0,2.0,63.0,3.0,0.0,7.3930076118558645,2.01700946316123,24.5,22.696032298728824,0.0
7692,2016,3615,1360,Diego Falcinelli,a,FW,2250.0,8.0,2.0,66.0,3.0,0.0,7.559470554813743,2.101754914969206,24.5,23.280166579410434,0.0
7929,2016,3623,1360,Diego Falcinelli,h,FW,2340.0,8.0,2.0,68.0,3.0,0.0,7.682479893788695,2.101754914969206,24.5,23.649194596335292,0.0
8279,2016,3635,1360,Diego Falcinelli,a,FW,2430.0,8.0,2.0,73.0,3.0,0.0,8.265057122334838,2.1126556154340506,24.5,25.407826982438564,0.0
8517,2016,3645,1360,Diego Falcinelli,h,FW,2517.0,9.0,2.0,79.0,3.0,0.0,8.664871012791991,2.260917177423835,27.5,26.75553021579981,3.0
8782,2016,3655,1360,Diego Falcinelli,a,FW,2607.0,11.0,2.0,81.0,3.0,0.0,9.741053259000182,2.7465648259967566,33.5,30.469724602997303,6.0
9061,2016,3664,1360,Diego Falcinelli,a,FW,2697.0,11.0,2.0,81.0,3.0,0.0,9.741053259000182,2.891491925343871,33.5,30.614651702344418,0.0
9355,2016,3676,1360,Diego Falcinelli,h,FW,2787.0,12.0,3.0,88.0,4.0,0.0,10.649555778130889,3.341428404673934,37.0,33.2900957390666,3.5
9998,2016,3701,1360,Diego Falcinelli,h,FW,2877.0,12.0,3.0,89.0,5.0,0.0,10.705165958032012,3.3855113703757524,36.5,33.00100924447179,-0.5
10207,2016,3705,1360,Diego Falcinelli,a,FW,2967.0,12.0,3.0,95.0,6.0,0.0,11.02730149589479,3.3855113703757524,36.0,33.46741585806012,-0.5
10501,2016,3716,1360,Diego Falcinelli,h,FW,3057.0,12.0,3.0,97.0,6.0,0.0,11.151214389130473,3.3855113703757524,36.0,33.83915453776717,0.0
