,season,matchId,playerId,player,homeOrAway,position,time,goals,assists,shots,yellowCard,redCard,xG,xA,bonus,xB,lastBonus
139,2016,935,1384,Dries Mertens,a,Sub,0.0,0.0,0.0,0.0,0.0,0.0,0.0,0.0,0.0,0.0,0.0
317,2016,942,1384,Dries Mertens,h,FWL,36.0,2.0,0.0,4.0,1.0,0.0,0.7447299361228943,0.1198496371507644,5.5,1.8540394455194475,5.5
612,2016,952,1384,Dries Mertens,a,Sub,115.0,2.0,0.0,11.0,1.0,0.0,1.1931449472904205,0.1198496371507644,5.5,3.199284479022026,0.0
1225,2016,974,1384,Dries Mertens,a,FWL,135.0,2.0,0.0,12.0,1.0,0.0,1.238698709756136,0.1198496371507644,5.5,3.3359457664191723,0.0
1410,2016,981,1384,Dries Mertens,h,Sub,204.0,2.0,0.0,12.0,1.0,0.0,1.238698709756136,0.1847259923815726,5.5,3.4008221216499805,0.0
1785,2016,994,1384,Dries Mertens,a,Sub,212.0,2.0,0.0,12.0,1.0,0.0,1.238698709756136,0.1847259923815726,5.5,3.4008221216499805,0.0
1941,2016,1000,1384,Dries Mertens,h,Sub,248.0,2.0,0.0,12.0,2.0,0.0,1.238698709756136,0.1847259923815726,5.0,2.9008221216499805,-0.5
2372,2016,1015,1384,Dries Mertens,a,FWL,281.0,2.0,0.0,15.0,3.0,0.0,1.3439125753939152,0.2877824380993841,4.5,2.81952016428113,-0.5
2607,2016,3284,1384,Dries Mertens,h,FW,365.0,2.0,0.0,19.0,3.0,0.0,2.1211734153330326,0.7367009595036504,4.5,5.6002212055027485,0.0
2817,2016,3291,1384,Dries Mertens,a,FW,455.0,3.0,0.0,31.0,4.0,0.0,3.9775110818445687,1.0243446901440618,7.0,10.956877935677767,2.5
3081,2016,2747,1384,Dries Mertens,h,FW,545.0,3.0,0.0,33.0,4.0,0.0,4.124911073595285,1.0387069722637532,7.0,11.41344019304961,0.0
3375,2016,2757,1384,Dries Mertens,a,FW,635.0,3.0,0.0,37.0,4.0,0.0,4.306862685829401,1.0759264519438145,7.0,11.996514509432018,0.0
3840,2016,2774,1384,Dries Mertens,h,Sub,723.0,3.0,0.0,39.0,4.0,0.0,4.358010355383158,1.0871506510302422,7.0,12.161181717179716,0.0
4240,2016,3078,1384,Dries Mertens,a,FW,747.0,3.0,0.0,41.0,5.0,0.0,4.414808321744204,1.1187449088320134,6.5,11.863169874064624,-0.5
4560,2016,3092,1384,Dries Mertens,h,FW,825.0,6.0,0.0,50.0,5.0,0.0,5.9447482116520405,1.1187449088320134,15.5,16.452989543788135,9.0
4964,2016,3104,1384,Dries Mertens,a,FW,915.0,10.0,0.0,57.0,5.0,0.0,8.792607832700014,1.4778748443350194,27.5,25.355698342435062,12.0
5005,2016,3521,1384,Dries Mertens,h,FW,1005.0,11.0,0.0,60.0,5.0,0.0,9.815100122243166,1.5269988207146523,30.5,28.47229918744415,3.0
5367,2016,3535,1384,Dries Mertens,h,FW,1095.0,11.0,0.0,64.0,5.0,0.0,10.475457418709993,1.6073927162215111,30.5,30.53376497235149,0.0
5519,2016,3541,1384,Dries Mertens,a,FW,1185.0,12.0,0.0,70.0,5.0,0.0,11.603375185281038,2.0228781877085567,33.5,34.33300374355167,3.0
6032,2016,3559,1384,Dries Mertens,h,FW,1275.0,12.0,2.0,72.0,6.0,0.0,12.457532275468111,2.5670427260920405,35.0,36.939639552496374,1.5
6101,2016,3560,1384,Dries Mertens,a,FW,1365.0,13.0,2.0,80.0,6.0,0.0,12.888199377804995,3.1853586612269282,38.0,38.84995679464191,3.0
6423,2016,3572,1384,Dries Mertens,h,FW,1455.0,16.0,3.0,84.0,6.0,0.0,14.220318604260683,3.2767883045598865,48.0,42.937744117341936,10.0
6980,2016,3592,1384,Dries Mertens,h,FW,1535.0,16.0,4.0,88.0,6.0,0.0,14.517590034753084,4.054609130136669,49.0,44.60737923439592,1.0
7274,2016,3608,1384,Dries Mertens,a,FW,1625.0,16.0,4.0,93.0,6.0,0.0,15.00039928033948,4.088318928144872,49.0,46.08951676916331,0.0
7680,2016,3615,1384,Dries Mertens,h,Sub,1699.0,18.0,4.0,98.0,6.0,0.0,16.29947142675519,4.088318928144872,55.0,49.98673320841044,6.0
7886,2016,3628,1384,Dries Mertens,a,FW,1727.0,19.0,4.0,102.0,6.0,0.0,17.4808198697865,4.088318928144872,58.0,53.530778537504375,3.0
8320,2016,3637,1384,Dries Mertens,h,FW,1811.0,20.0,4.0,105.0,6.0,0.0,18.378224480897188,4.088318928144872,61.0,56.22299237083644,3.0
8642,2016,3646,1384,Dries Mertens,a,FW,1901.0,20.0,5.0,110.0,6.0,0.0,18.92570810392499,4.545821680687368,62.0,58.32294599246234,1.0
8908,2016,3661,1384,Dries Mertens,h,FW,1985.0,20.0,5.0,113.0,6.0,0.0,19.029601354151964,4.932729288004339,62.0,59.02153335046023,0.0
9005,2016,3668,1384,Dries Mertens,a,FW,2064.0,21.0,5.0,117.0,6.0,0.0,19.462992388755083,4.997558883391321,65.0,60.38653604965657,3.0
9480,2016,3677,1384,Dries Mertens,a,FW,2154.0,22.0,5.0,123.0,6.0,0.0,20.4670855589211,5.319057426415384,68.0,63.72031410317868,3.0
9494,2016,3684,1384,Dries Mertens,h,FW,2236.0,22.0,5.0,124.0,6.0,0.0,20.76619191840291,5.612125924788415,68.0,64.91070167999715,0.0
9955,2016,3698,1384,Dries Mertens,a,FW,2314.0,24.0,6.0,131.0,6.0,0.0,21.872139532119036,6.166150323115289,75.0,68.7825689194724,7.0
10081,2016,3706,1384,Dries Mertens,h,FW,2404.0,25.0,8.0,134.0,6.0,0.0,22.470557648688555,7.068089774809778,80.0,71.47976272087544,5.0
10459,2016,3718,1384,Dries Mertens,a,FW,2483.0,27.0,9.0,139.0,6.0,0.0,24.536825615912676,8.029492727480829,87.0,78.63996957521886,7.0
