,season,matchId,playerId,player,homeOrAway,position,time,goals,assists,shots,yellowCard,redCard,xG,xA,bonus,xB,lastBonus
96,2016,934,1272,Ilija Nestorovski,h,Sub,0.0,0.0,0.0,0.0,0.0,0.0,0.0,0.0,0.0,0.0,0.0
357,2016,943,1272,Ilija Nestorovski,a,FW,33.0,0.0,0.0,0.0,0.0,0.0,0.0,0.018021497875452,0.0,0.018021497875452,0.0
597,2016,952,1272,Ilija Nestorovski,h,Sub,109.0,0.0,0.0,0.0,0.0,0.0,0.0,0.047215148806571905,0.0,0.047215148806571905,0.0
1028,2016,967,1272,Ilija Nestorovski,a,FW,153.0,0.0,0.0,1.0,0.0,0.0,0.076068140566349,0.0762509126216172,0.0,0.3044553343206643,0.0
1365,2016,979,1272,Ilija Nestorovski,a,FW,243.0,1.0,0.0,6.0,0.0,0.0,0.37435824424028386,0.1107075791805981,3.0,1.2337823119014502,3.0
1380,2016,980,1272,Ilija Nestorovski,h,Sub,333.0,2.0,0.0,8.0,0.0,0.0,0.8679174557328222,0.1107075791805981,6.0,2.7144599463790655,3.0
1756,2016,993,1272,Ilija Nestorovski,a,FW,360.0,2.0,0.0,9.0,0.0,0.0,0.9024989716708657,0.1107075791805981,6.0,2.8182044941931963,0.0
2190,2016,1009,1272,Ilija Nestorovski,h,FW,450.0,3.0,0.0,11.0,1.0,0.0,1.3268706612288947,0.1107075791805981,8.5,3.591319562867284,2.5
2484,2016,1019,1272,Ilija Nestorovski,a,FW,540.0,3.0,0.0,15.0,1.0,0.0,1.5632780157029624,0.20759852044284322,8.5,4.397432567551732,0.0
2748,2016,3289,1272,Ilija Nestorovski,h,FW,630.0,3.0,0.0,16.0,1.0,0.0,1.6487946100533004,0.20759852044284322,8.5,4.653982350602746,0.0
3039,2016,2745,1272,Ilija Nestorovski,a,FW,720.0,4.0,0.0,18.0,1.0,0.0,1.773680072277784,0.20759852044284322,11.5,5.0286387372761965,3.0
3137,2016,2749,1272,Ilija Nestorovski,h,FW,810.0,5.0,0.0,21.0,1.0,0.0,2.1732583157718177,0.2650352399796245,14.5,6.284810187295079,3.0
3572,2016,2764,1272,Ilija Nestorovski,a,FW,900.0,6.0,0.0,23.0,1.0,0.0,2.5807027928531165,0.47082997672259785,17.5,7.712938355281949,3.0
3670,2016,2768,1272,Ilija Nestorovski,h,FW,990.0,7.0,0.0,25.0,1.0,0.0,3.1949702017009254,0.5011630579829214,20.5,9.586073663085699,3.0
4102,2016,3073,1272,Ilija Nestorovski,a,FW,1080.0,7.0,0.0,30.0,1.0,0.0,3.4144858382642265,0.554835747927427,20.5,10.298293262720108,0.0
4283,2016,3080,1272,Ilija Nestorovski,h,FW,1170.0,7.0,0.0,32.0,1.0,0.0,3.6120090745389457,0.554835747927427,20.5,10.890862971544266,0.0
4742,2016,3096,1272,Ilija Nestorovski,a,FW,1260.0,7.0,0.0,34.0,1.0,0.0,3.7410798929631706,0.639618013054132,20.5,11.362857691943645,0.0
4895,2016,3099,1272,Ilija Nestorovski,h,FW,1350.0,7.0,2.0,35.0,2.0,0.0,4.060249086469411,0.8899802900850768,22.0,12.070727549493313,1.5
4992,2016,3520,1272,Ilija Nestorovski,a,FW,1440.0,7.0,2.0,37.0,3.0,0.0,4.3602037094533435,0.8899802900850768,21.5,12.47059141844511,-0.5
5354,2016,3534,1272,Ilija Nestorovski,a,FW,1530.0,7.0,2.0,38.0,3.0,0.0,4.424659248441457,1.0150045640766616,21.5,12.788982309401035,0.0
5561,2016,3543,1272,Ilija Nestorovski,h,FW,1620.0,7.0,3.0,41.0,3.0,0.0,4.635386150330304,1.6017448790371414,22.5,14.007903330028057,1.0
6045,2016,3559,1272,Ilija Nestorovski,a,FW,1710.0,7.0,3.0,44.0,4.0,0.0,4.803150605410337,1.656996518373489,22.0,14.066448334604502,-0.5
6283,2016,3567,1272,Ilija Nestorovski,h,FW,1800.0,8.0,3.0,45.0,4.0,0.0,4.8996966890990725,1.683498382568359,25.0,14.38258844986558,3.0
6591,2016,3578,1272,Ilija Nestorovski,h,FW,1890.0,9.0,3.0,48.0,4.0,0.0,5.10579390451312,1.683498382568359,28.0,15.000880096107721,3.0
6716,2016,3582,1272,Ilija Nestorovski,a,FW,1980.0,9.0,3.0,53.0,4.0,0.0,5.285594414919614,1.683498382568359,28.0,15.540281627327204,0.0
7037,2016,3599,1272,Ilija Nestorovski,h,FW,2070.0,9.0,3.0,54.0,4.0,0.0,5.339996878057717,1.6987220095470543,28.0,15.71871264372021,0.0
7469,2016,3609,1272,Ilija Nestorovski,a,FW,2160.0,10.0,3.0,57.0,4.0,0.0,6.302199486643075,1.8338580327108498,31.0,18.740456492640078,3.0
7762,2016,3618,1272,Ilija Nestorovski,h,FW,2250.0,10.0,3.0,59.0,4.0,0.0,6.427244264632463,1.8338580327108498,31.0,19.11559082660824,0.0
8055,2016,3629,1272,Ilija Nestorovski,a,FW,2340.0,10.0,3.0,60.0,4.0,0.0,6.46621486544609,1.8858620086684819,31.0,19.284506605006754,0.0
8237,2016,3634,1272,Ilija Nestorovski,h,FW,2422.0,10.0,3.0,61.0,4.0,0.0,6.550856076180934,1.900748753920197,31.0,19.553316982463002,0.0
8559,2016,3647,1272,Ilija Nestorovski,a,FW,2512.0,10.0,3.0,64.0,4.0,0.0,6.7846456691622725,1.9531873557716604,31.0,20.30712436325848,0.0
8712,2016,3653,1272,Ilija Nestorovski,h,FW,2602.0,10.0,3.0,65.0,4.0,0.0,6.796264484524726,1.9712352249771352,31.0,20.360028678551316,0.0
9118,2016,3669,1272,Ilija Nestorovski,a,FW,2692.0,10.0,3.0,68.0,4.0,0.0,6.912813857197761,2.011798387393355,31.0,20.75023995898664,0.0
9327,2016,3673,1272,Ilija Nestorovski,h,FW,2782.0,10.0,3.0,69.0,4.0,0.0,6.974025525152682,2.0220917668193574,31.0,20.944168342277408,0.0
9914,2016,3694,1272,Ilija Nestorovski,h,FW,2865.0,10.0,3.0,70.0,5.0,0.0,7.0345533676445475,2.0220917668193574,30.5,20.625751869753003,-0.5
10320,2016,3708,1272,Ilija Nestorovski,a,FW,2926.0,10.0,3.0,70.0,5.0,0.0,7.0345533676445475,2.0220917668193574,30.5,20.625751869753003,0.0
10474,2016,3713,1272,Ilija Nestorovski,h,FW,3016.0,10.0,3.0,71.0,5.0,0.0,7.080500874668359,2.0220917668193574,30.5,20.763594390824437,0.0
