,season,matchId,playerId,player,homeOrAway,position,time,goals,assists,shots,yellowCard,redCard,xG,xA,bonus,xB,lastBonus
220,2016,938,448,Ivan Perisic,a,Sub,0.0,0.0,0.0,0.0,0.0,0.0,0.0,0.0,0.0,0.0,0.0
345,2016,943,448,Ivan Perisic,h,FWL,28.0,0.0,0.0,0.0,0.0,0.0,0.0,0.0,0.0,0.0,0.0
776,2016,958,448,Ivan Perisic,a,AML,96.0,0.0,0.0,3.0,0.0,0.0,0.1161094158887863,0.0,0.0,0.3483282476663589,0.0
1045,2016,968,448,Ivan Perisic,h,Sub,171.0,0.0,0.0,4.0,0.0,0.0,0.1347154285758733,0.2554242610931396,0.0,0.6595705468207598,0.0
1197,2016,973,448,Ivan Perisic,a,FWL,191.0,1.0,0.0,7.0,0.0,0.0,0.3389837648719548,0.2554242610931396,3.0,1.2723755557090044,3.0
1518,2016,985,448,Ivan Perisic,h,AML,281.0,1.0,0.0,9.0,0.0,0.0,0.7545074727386235,0.3644800782203673,3.0,2.6280024964362383,0.0
1923,2016,999,448,Ivan Perisic,a,AML,371.0,2.0,0.0,15.0,0.0,0.0,1.023865094408393,0.823970466852188,6.0,3.895565750077367,3.0
2078,2016,1005,448,Ivan Perisic,h,FWL,461.0,2.0,0.0,19.0,0.0,0.0,1.2206316497176886,1.314429610967636,6.0,4.976324560120702,0.0
2426,2016,1017,448,Ivan Perisic,a,FWR,551.0,2.0,0.0,22.0,0.0,0.0,1.302408179268241,1.893302172422409,6.0,5.800526710227132,0.0
2987,2016,3297,448,Ivan Perisic,a,Sub,641.0,2.0,0.0,24.0,0.0,0.0,1.403777664527297,1.947811957448721,6.0,6.159144951030612,0.0
3249,2016,2753,448,Ivan Perisic,h,AML,654.0,2.0,0.0,24.0,0.0,0.0,1.403777664527297,1.947811957448721,6.0,6.159144951030612,0.0
3599,2016,2765,448,Ivan Perisic,a,AML,744.0,3.0,0.0,25.0,0.0,0.0,1.4480685014277697,2.1706938706338406,9.0,6.5148993749171495,3.0
3865,2016,2775,448,Ivan Perisic,h,AML,834.0,4.0,1.0,31.0,1.0,0.0,2.309729279950261,2.3072816990315914,12.5,8.736469538882375,3.5
3907,2016,3066,448,Ivan Perisic,a,AML,924.0,4.0,1.0,35.0,1.0,0.0,2.6566686052829027,3.0802497528493404,12.5,10.550255568698049,0.0
4370,2016,3083,448,Ivan Perisic,h,Sub,1014.0,4.0,1.0,40.0,1.0,0.0,3.072170050814748,3.0802497528493404,12.5,11.796759905293584,0.0
4602,2016,3090,448,Ivan Perisic,a,AML,1046.0,4.0,1.0,43.0,1.0,0.0,3.2539943773299456,3.123893991112709,12.5,12.385877123102546,0.0
4783,2016,3098,448,Ivan Perisic,h,AML,1136.0,4.0,1.0,47.0,1.0,0.0,4.15044960565865,3.1858642250299454,12.5,15.137213042005897,0.0
5046,2016,3522,448,Ivan Perisic,a,AML,1226.0,4.0,1.0,48.0,1.0,0.0,4.161727484315634,3.259359486401081,12.5,15.244541939347982,0.0
5255,2016,3531,448,Ivan Perisic,h,AML,1316.0,6.0,1.0,53.0,1.0,0.0,4.700128015130758,3.259359486401081,18.5,16.859743531793356,6.0
5575,2016,3543,448,Ivan Perisic,a,AML,1406.0,7.0,1.0,59.0,1.0,0.0,5.826983984559774,3.7626152113080025,21.5,20.743567164987326,3.0
5811,2016,3551,448,Ivan Perisic,h,AML,1485.0,7.0,1.0,62.0,1.0,0.0,5.937261890619993,3.783797973766923,21.5,21.095583645626903,0.0
6325,2016,3568,448,Ivan Perisic,a,AMC,1557.0,7.0,2.0,63.0,1.0,0.0,5.973525065928698,4.462826484814286,22.5,21.88340168260038,1.0
6798,2016,3585,448,Ivan Perisic,a,AML,1647.0,7.0,2.0,65.0,1.0,1.0,6.105235833674669,4.633502433076501,22.0,21.94920993410051,-0.5
7202,2016,3598,448,Ivan Perisic,h,ML,1737.0,7.0,2.0,67.0,1.0,1.0,6.1766090877354145,5.319935629144311,22.0,22.849762892350554,0.0
7412,2016,3605,448,Ivan Perisic,a,AML,1827.0,7.0,3.0,68.0,2.0,1.0,6.240059662610292,6.186555990949273,22.5,23.40673497878015,0.5
7621,2016,3612,448,Ivan Perisic,h,AML,1901.0,9.0,3.0,71.0,2.0,1.0,6.655421543866396,6.44369781948626,28.5,24.90996245108545,6.0
7830,2016,3625,448,Ivan Perisic,a,AML,1983.0,9.0,3.0,72.0,2.0,1.0,6.706637732684612,6.44369781948626,28.5,25.063611017540097,0.0
8348,2016,3640,448,Ivan Perisic,h,AML,2073.0,9.0,3.0,78.0,2.0,1.0,7.316534273326397,6.481172131374478,28.5,26.93077495135367,0.0
8530,2016,3645,448,Ivan Perisic,a,AML,2153.0,9.0,3.0,84.0,2.0,1.0,7.560681946575642,6.625600861385465,28.5,27.80764670111239,0.0
8656,2016,3659,448,Ivan Perisic,h,AML,2243.0,9.0,3.0,86.0,2.0,1.0,7.653005786240101,6.625600861385465,28.5,28.084618220105767,0.0
8978,2016,3667,448,Ivan Perisic,a,AML,2312.0,9.0,4.0,89.0,2.0,1.0,7.875182844698429,7.303273962810636,29.5,29.428822496905923,1.0
9468,2016,3677,448,Ivan Perisic,h,Sub,2402.0,10.0,5.0,91.0,2.0,1.0,8.368370361626148,7.351120920851827,33.5,30.95623200573027,4.0
9676,2016,3687,448,Ivan Perisic,a,AML,2431.0,10.0,5.0,93.0,2.0,1.0,8.436453215777874,7.351120920851827,33.5,31.16048056818545,0.0
9830,2016,3700,448,Ivan Perisic,h,AML,2521.0,10.0,5.0,97.0,2.0,1.0,8.881856761872768,7.385472057387233,33.5,32.53104234300554,0.0
10291,2016,3707,448,Ivan Perisic,a,AMC,2611.0,10.0,5.0,99.0,2.0,1.0,8.989469140768051,7.884023813530803,33.5,33.352431235834956,0.0
10583,2016,3721,448,Ivan Perisic,h,AML,2701.0,10.0,6.0,101.0,2.0,1.0,9.178863674402237,8.302150813862681,34.5,34.33874183706939,1.0
