,season,matchId,playerId,player,homeOrAway,position,time,goals,assists,shots,yellowCard,redCard,xG,xA,bonus,xB,lastBonus
1326,2016,978,1146,Jakub Jankto,h,Sub,0.0,0.0,0.0,0.0,0.0,0.0,0.0,0.0,0.0,0.0,0.0
1474,2016,983,1146,Jakub Jankto,a,MC,5.0,0.0,0.0,0.0,0.0,0.0,0.0,0.0,0.0,0.0,0.0
1688,2016,991,1146,Jakub Jankto,h,Sub,95.0,0.0,0.0,0.0,0.0,0.0,0.0,0.0,0.0,0.0,0.0
2003,2016,1002,1146,Jakub Jankto,a,MC,106.0,0.0,0.0,2.0,0.0,0.0,0.0997261330485344,0.0,0.0,0.2991783991456032,0.0
2272,2016,1012,1146,Jakub Jankto,h,AMC,182.0,1.0,0.0,4.0,0.0,0.0,0.1687659099698066,0.0,3.0,0.50629772990942,3.0
2764,2016,3289,1146,Jakub Jankto,a,Sub,247.0,1.0,0.0,4.0,0.0,0.0,0.1687659099698066,0.0,3.0,0.50629772990942,0.0
2995,2016,3298,1146,Jakub Jankto,h,MC,249.0,1.0,0.0,4.0,0.0,0.0,0.1687659099698066,0.0,3.0,0.50629772990942,0.0
3363,2016,2757,1146,Jakub Jankto,h,Sub,323.0,1.0,0.0,5.0,0.0,0.0,0.2034634575247763,0.2250351160764694,3.0,0.8354254886507988,0.0
3708,2016,2769,1146,Jakub Jankto,a,MC,338.0,1.0,0.0,5.0,0.0,0.0,0.2034634575247763,0.2250351160764694,3.0,0.8354254886507988,0.0
4327,2016,3081,1146,Jakub Jankto,a,Sub,428.0,1.0,0.0,6.0,0.0,0.0,0.2345845773816107,0.2643810473382472,3.0,0.9681347794830799,0.0
4612,2016,3091,1146,Jakub Jankto,h,MC,434.0,1.0,0.0,6.0,0.0,0.0,0.2345845773816107,0.2908760122954844,3.0,0.9946297444403172,0.0
5028,2016,3522,1146,Jakub Jankto,h,MC,481.0,1.0,1.0,6.0,0.0,0.0,0.2345845773816107,0.8388677053153513,4.0,1.542621437460184,1.0
5391,2016,3536,1146,Jakub Jankto,h,MC,571.0,2.0,1.0,11.0,1.0,0.0,0.7006945386528967,1.1691689305007456,6.5,2.7712525464594364,2.5
5710,2016,3547,1146,Jakub Jankto,a,MC,623.0,2.0,1.0,11.0,1.0,0.0,0.7006945386528967,1.1691689305007456,6.5,2.7712525464594364,0.0
6000,2016,3558,1146,Jakub Jankto,h,MC,709.0,2.0,1.0,12.0,2.0,0.0,0.7446253187954424,1.3061635009944437,6.0,2.5400394573807716,-0.5
6211,2016,3564,1146,Jakub Jankto,a,MC,799.0,2.0,2.0,14.0,2.0,0.0,0.8525011427700516,2.291844379156828,7.0,3.849347807466984,1.0
6463,2016,3573,1146,Jakub Jankto,a,MC,889.0,2.0,2.0,16.0,2.0,0.0,0.8832056540995832,2.291844379156828,7.0,3.941461341455579,0.0
7186,2016,3601,1146,Jakub Jankto,a,MC,937.0,2.0,2.0,16.0,2.0,0.0,0.8832056540995832,2.3475461527705193,7.0,3.99716311506927,0.0
7422,2016,3606,1146,Jakub Jankto,h,MC,1027.0,2.0,2.0,17.0,3.0,0.0,0.9423296283930535,2.4746644720435143,6.5,3.8016533572226763,-0.5
7745,2016,3621,1146,Jakub Jankto,a,MC,1117.0,2.0,2.0,18.0,4.0,0.0,0.9647936169058079,2.564201056957245,6.0,3.45858190767467,-0.5
8036,2016,3629,1146,Jakub Jankto,h,MC,1207.0,3.0,4.0,21.0,4.0,0.0,1.4450884405523534,3.301767647266388,11.0,5.63703296892345,5.0
8164,2016,3641,1146,Jakub Jankto,a,MC,1292.0,4.0,4.0,23.0,4.0,0.0,1.9327109102159734,3.3778499141335487,14.0,7.175982644781471,3.0
8918,2016,3661,1146,Jakub Jankto,a,MC,1382.0,5.0,4.0,25.0,5.0,0.0,2.345369631424546,3.3778499141335487,16.5,7.913958808407188,2.5
9018,2016,3663,1146,Jakub Jankto,h,ML,1461.0,5.0,4.0,25.0,5.0,0.0,2.345369631424546,3.507258363068104,16.5,8.043367257341743,0.0
9453,2016,3681,1146,Jakub Jankto,a,FWL,1551.0,5.0,4.0,26.0,5.0,0.0,2.368270998820662,3.605411969125271,16.5,8.210224965587258,0.0
9549,2016,3682,1146,Jakub Jankto,h,ML,1598.0,5.0,4.0,26.0,5.0,0.0,2.368270998820662,3.6203265683725476,16.5,8.225139564834535,0.0
10007,2016,3701,1146,Jakub Jankto,a,MC,1688.0,5.0,4.0,29.0,5.0,0.0,2.5297428574413057,3.634794009849429,16.5,8.724022582173347,0.0
10220,2016,3710,1146,Jakub Jankto,h,ML,1778.0,5.0,4.0,29.0,5.0,0.0,2.5297428574413057,4.205470932647586,16.5,9.294699504971504,0.0
10596,2016,3721,1146,Jakub Jankto,a,ML,1868.0,5.0,4.0,32.0,6.0,0.0,2.673014855012297,4.239385252818465,16.0,9.258429817855358,-0.5
