,season,matchId,playerId,player,homeOrAway,position,time,goals,assists,shots,yellowCard,redCard,xG,xA,bonus,xB,lastBonus
985,2016,966,1592,João Pedro,h,AMC,0.0,0.0,0.0,0.0,0.0,0.0,0.0,0.0,0.0,0.0,0.0
1251,2016,975,1592,João Pedro,a,AMC,65.0,0.0,1.0,2.0,0.0,0.0,0.2033470422029495,0.2298079878091812,1.0,0.8398491144180298,1.0
1629,2016,989,1592,João Pedro,h,AMC,111.0,0.0,1.0,2.0,0.0,0.0,0.2033470422029495,0.2298079878091812,1.0,0.8398491144180298,0.0
4494,2016,3087,1592,João Pedro,a,Sub,198.0,1.0,1.0,4.0,0.0,0.0,0.866555705666542,0.3343925774097442,4.0,2.9340596944093704,3.0
4924,2016,3103,1592,João Pedro,h,Sub,217.0,1.0,1.0,5.0,0.0,0.0,1.6278545409440994,0.3343925774097442,4.0,5.2179562002420425,0.0
5189,2016,3528,1592,João Pedro,a,Sub,238.0,1.0,1.0,6.0,0.0,0.0,1.6523046866059303,0.3343925774097442,4.0,5.291306637227535,0.0
5282,2016,3532,1592,João Pedro,h,AMC,248.0,1.0,1.0,6.0,0.0,0.0,1.6523046866059303,0.4152980297803878,4.0,5.372212089598179,0.0
5772,2016,3549,1592,João Pedro,a,Sub,330.0,2.0,1.0,10.0,1.0,0.0,2.336629070341587,0.4152980297803878,6.5,6.925185240805149,2.5
6854,2016,3587,1592,João Pedro,a,AMC,354.0,2.0,1.0,10.0,1.0,1.0,2.336629070341587,0.4152980297803878,6.0,6.425185240805149,-0.5
7106,2016,3594,1592,João Pedro,a,AMC,444.0,2.0,1.0,11.0,2.0,1.0,2.3562384713441133,0.5382780581712723,5.5,6.106993472203612,-0.5
7398,2016,3605,1592,João Pedro,h,AMC,534.0,3.0,1.0,12.0,2.0,1.0,2.8573702443391085,0.6022998467087745,8.5,7.6744105797261,3.0
7663,2016,3614,1592,João Pedro,a,AMC,624.0,3.0,1.0,13.0,2.0,1.0,3.188045160844922,0.6022998467087745,8.5,8.66643532924354,0.0
7983,2016,3627,1592,João Pedro,h,AMC,699.0,3.0,1.0,15.0,2.0,1.0,3.4528774190694094,0.6022998467087745,8.5,9.460932103917003,0.0
8249,2016,3634,1592,João Pedro,a,AMC,789.0,3.0,1.0,16.0,2.0,1.0,3.481079887598753,0.6022998467087745,8.5,9.545539509505033,0.0
8599,2016,3651,1592,João Pedro,h,AMC,872.0,3.0,1.0,18.0,2.0,1.0,3.5871677212417126,0.8742156401276587,8.5,10.135718803852797,0.0
8736,2016,3654,1592,João Pedro,h,MC,962.0,3.0,1.0,20.0,3.0,1.0,3.613796681165695,0.9047638569027184,8.0,9.746153900399804,-0.5
9032,2016,3663,1592,João Pedro,a,AMC,1052.0,5.0,2.0,27.0,3.0,1.0,5.112346976995468,1.0823351088911293,15.0,14.419376039877534,7.0
9381,2016,3678,1592,João Pedro,h,AMC,1121.0,5.0,2.0,29.0,3.0,1.0,5.155332338064909,1.107337776571512,15.0,14.57333479076624,0.0
9510,2016,3684,1592,João Pedro,a,Sub,1211.0,6.0,2.0,34.0,3.0,1.0,6.080798696726561,1.2608537115156648,18.0,17.503249801695347,3.0
9883,2016,3693,1592,João Pedro,h,AMR,1232.0,6.0,3.0,34.0,3.0,1.0,6.080798696726561,1.6027278341352937,19.0,17.845123924314976,1.0
10177,2016,3704,1592,João Pedro,a,AMR,1300.0,6.0,3.0,35.0,3.0,1.0,6.108101001009345,1.6027278341352937,19.0,17.92703083716333,0.0
10388,2016,3717,1592,João Pedro,h,AMC,1374.0,6.0,3.0,35.0,3.0,1.0,6.108101001009345,1.6335197035223243,19.0,17.95782270655036,0.0
