,season,matchId,playerId,player,homeOrAway,position,time,goals,assists,shots,yellowCard,redCard,xG,xA,bonus,xB,lastBonus
668,2016,954,1210,Keita,a,Sub,0.0,0.0,0.0,0.0,0.0,0.0,0.0,0.0,0.0,0.0,0.0
848,2016,961,1210,Keita,h,Sub,35.0,0.0,1.0,2.0,0.0,0.0,0.0741369947791099,0.2291005402803421,1.0,0.4515115246176719,1.0
1114,2016,970,1210,Keita,a,Sub,64.0,0.0,2.0,2.0,0.0,0.0,0.0741369947791099,0.8070961982011795,2.0,1.0295071825385094,1.0
1547,2016,986,1210,Keita,h,FW,106.0,0.0,2.0,6.0,0.0,0.0,0.2034049704670905,0.8869027271866798,2.0,1.4971176385879517,0.0
1699,2016,991,1210,Keita,a,AML,175.0,1.0,2.0,11.0,0.0,0.0,0.8053707554936408,0.9180855806916951,5.0,3.334197847172618,3.0
2106,2016,1006,1210,Keita,h,FWL,246.0,2.0,2.0,14.0,0.0,0.0,1.2379436567425728,0.9595264103263615,8.0,4.67335738055408,3.0
2316,2016,1013,1210,Keita,a,FWL,336.0,2.0,2.0,14.0,0.0,0.0,1.2379436567425728,1.2559732105582952,8.0,4.969804180786014,0.0
2580,2016,3283,1210,Keita,h,FWL,415.0,2.0,2.0,17.0,0.0,0.0,1.4636574015021324,1.3296430688351393,8.0,5.7206152733415365,0.0
2860,2016,3293,1210,Keita,h,FWL,505.0,3.0,2.0,20.0,1.0,0.0,1.8784442767500877,1.7747074346989393,10.5,6.9100402649492025,2.5
3095,2016,2747,1210,Keita,a,AMC,566.0,3.0,2.0,22.0,1.0,0.0,1.9310125932097435,1.7747074346989393,10.5,7.06774521432817,0.0
3446,2016,2760,1210,Keita,h,FWL,649.0,4.0,2.0,24.0,1.0,0.0,2.0831431224942207,1.7747074346989393,13.5,7.5241368021816015,3.0
3684,2016,2768,1210,Keita,a,FWL,724.0,4.0,2.0,25.0,1.0,0.0,2.124688606709242,1.9199291002005339,13.5,7.7939949203282595,0.0
3978,2016,3069,1210,Keita,h,FWL,806.0,4.0,2.0,27.0,1.0,0.0,2.1796847693622112,2.050501151010394,13.5,8.089555459097028,0.0
4215,2016,3077,1210,Keita,a,Sub,892.0,4.0,2.0,27.0,1.0,0.0,2.1796847693622112,2.050501151010394,13.5,8.089555459097028,0.0
4700,2016,3095,1210,Keita,h,FW,917.0,4.0,2.0,27.0,1.0,0.0,2.1796847693622112,2.4175560008734465,13.5,8.45661030896008,0.0
4800,2016,3098,1210,Keita,a,Sub,989.0,5.0,2.0,30.0,1.0,0.0,2.5167240612208843,2.520205644890666,16.5,9.570377828553319,3.0
6270,2016,3566,1210,Keita,a,FWL,1020.0,5.0,2.0,31.0,1.0,0.0,2.5834852643311024,2.520205644890666,16.5,9.770661437883973,0.0
6675,2016,3581,1210,Keita,h,FWL,1085.0,6.0,2.0,34.0,1.0,0.0,3.417122919112444,2.575792046263814,19.5,12.327160803601146,3.0
6772,2016,3584,1210,Keita,a,Sub,1151.0,6.0,2.0,38.0,1.0,0.0,3.6569154895842075,2.59597953222692,19.5,13.066726000979543,0.0
7177,2016,3601,1210,Keita,h,FWL,1184.0,7.0,2.0,42.0,1.0,0.0,3.848981399089098,2.59597953222692,22.5,13.642923729494214,3.0
7526,2016,3607,1210,Keita,a,Sub,1274.0,7.0,2.0,44.0,1.0,0.0,3.895435206592083,2.59597953222692,22.5,13.782285152003169,0.0
7792,2016,3620,1210,Keita,h,Sub,1296.0,7.0,2.0,44.0,2.0,0.0,3.895435206592083,2.6820264663547277,22.0,13.368332086130977,-0.5
7999,2016,3627,1210,Keita,a,FWL,1306.0,8.0,2.0,45.0,2.0,0.0,3.9183617867529392,2.6820264663547277,25.0,13.437111826613545,3.0
8113,2016,3638,1210,Keita,a,Sub,1379.0,8.0,2.0,47.0,2.0,0.0,4.0182891972362995,2.7471027057617903,25.0,13.801970297470689,0.0
8631,2016,3646,1210,Keita,h,Sub,1410.0,8.0,2.0,48.0,3.0,0.0,4.065322030335665,2.8241613786667585,24.5,13.520127469673753,-0.5
8867,2016,3658,1210,Keita,a,FWL,1447.0,8.0,2.0,49.0,3.0,0.0,4.10947173461318,3.2919415216892958,24.5,14.120356725528836,0.0
9103,2016,3669,1210,Keita,h,FW,1537.0,8.0,2.0,51.0,3.0,0.0,4.247904699295759,3.640269784256816,24.5,14.883983882144094,0.0
9285,2016,3675,1210,Keita,a,FW,1620.0,11.0,2.0,56.0,3.0,0.0,6.076778452843428,3.640269784256816,33.5,20.3706051427871,9.0
9719,2016,3690,1210,Keita,h,FW,1710.0,13.0,2.0,61.0,4.0,0.0,7.0127486400306225,3.640269784256816,39.0,22.678515704348683,5.5
9789,2016,3696,1210,Keita,a,FW,1800.0,14.0,3.0,66.0,4.0,0.0,7.545286577194929,4.169029204174876,43.0,24.804888935759664,4.0
10278,2016,3707,1210,Keita,h,FW,1871.0,15.0,3.0,69.0,4.0,0.0,7.975149642676115,4.169029204174876,46.0,26.09447813220322,3.0
