,season,matchId,playerId,player,homeOrAway,position,time,goals,assists,shots,yellowCard,redCard,xG,xA,bonus,xB,lastBonus
6,2016,931,1256,Kevin Strootman,h,MC,0.0,0.0,0.0,0.0,0.0,0.0,0.0,0.0,0.0,0.0,0.0
492,2016,948,1256,Kevin Strootman,a,MC,90.0,0.0,0.0,1.0,0.0,0.0,0.0195272956043481,0.1016906648874282,0.0,0.1602725517004728,0.0
703,2016,956,1256,Kevin Strootman,h,MC,169.0,1.0,0.0,2.0,0.0,0.0,0.5634165201336144,0.289451092481613,3.0,1.9797006528824568,3.0
1080,2016,969,1256,Kevin Strootman,a,MC,259.0,1.0,0.0,3.0,0.0,0.0,0.9763469491153954,0.307337552309036,3.0,3.236378399655223,0.0
1290,2016,977,1256,Kevin Strootman,h,DMC,349.0,1.0,0.0,3.0,0.0,0.0,0.9763469491153954,0.3770811036229131,3.0,3.3061219509691,0.0
1445,2016,982,1256,Kevin Strootman,a,DMC,439.0,1.0,0.0,3.0,0.0,0.0,0.9763469491153954,0.4934495985507962,3.0,3.422490445896983,0.0
1905,2016,999,1256,Kevin Strootman,h,DMC,529.0,1.0,0.0,3.0,0.0,0.0,0.9763469491153954,0.5627358332276341,3.0,3.491776680573821,0.0
2471,2016,1019,1256,Kevin Strootman,h,Sub,619.0,1.0,0.0,4.0,0.0,0.0,1.0631107557564972,0.649563372135162,3.0,3.8388956394046545,0.0
2729,2016,3288,1256,Kevin Strootman,a,DMC,640.0,1.0,0.0,5.0,0.0,0.0,1.661696659401059,0.649563372135162,3.0,5.63465335033834,0.0
3302,2016,2755,1256,Kevin Strootman,h,DMC,711.0,1.0,0.0,5.0,0.0,0.0,1.661696659401059,0.649563372135162,3.0,5.63465335033834,0.0
3540,2016,2763,1256,Kevin Strootman,a,DMC,801.0,1.0,1.0,6.0,0.0,0.0,1.759397620335221,1.0332214832305904,4.0,6.311414344236255,1.0
3806,2016,2773,1256,Kevin Strootman,h,DMC,891.0,1.0,1.0,6.0,1.0,0.0,1.759397620335221,1.0332214832305904,3.5,5.811414344236255,-0.5
3989,2016,3069,1256,Kevin Strootman,a,MC,981.0,1.0,1.0,7.0,1.0,0.0,1.8226006794720886,1.0332214832305904,3.5,6.001023521646857,0.0
4419,2016,3085,1256,Kevin Strootman,h,DMC,1071.0,2.0,1.0,8.0,2.0,0.0,2.213012414053082,1.0332214832305904,6.0,6.672258725389838,2.5
4542,2016,3089,1256,Kevin Strootman,a,DMC,1161.0,2.0,1.0,8.0,2.0,0.0,2.213012414053082,1.0332214832305904,6.0,6.672258725389838,0.0
4807,2016,3100,1256,Kevin Strootman,h,MC,1251.0,2.0,1.0,8.0,2.0,0.0,2.213012414053082,1.0543879661709066,6.0,6.693425208330154,0.0
5125,2016,3526,1256,Kevin Strootman,a,MC,1341.0,2.0,1.0,8.0,2.0,0.0,2.213012414053082,1.0543879661709066,6.0,6.693425208330154,0.0
5405,2016,3536,1256,Kevin Strootman,a,MC,1431.0,2.0,1.0,8.0,3.0,0.0,2.213012414053082,1.512370297685265,5.5,6.651407539844513,-0.5
5751,2016,3549,1256,Kevin Strootman,h,MC,1521.0,2.0,2.0,9.0,3.0,0.0,2.2699025254696603,2.4430254790931936,6.5,7.752733055502176,1.0
5850,2016,3554,1256,Kevin Strootman,a,MC,1611.0,2.0,2.0,10.0,3.0,0.0,2.290625415742397,2.4625074751675124,6.5,7.834383722394705,0.0
6336,2016,3569,1256,Kevin Strootman,h,MC,1701.0,2.0,2.0,10.0,3.0,0.0,2.290625415742397,2.518144335597753,6.5,7.8900205828249454,0.0
6489,2016,3574,1256,Kevin Strootman,a,MC,1791.0,2.0,3.0,10.0,4.0,0.0,2.290625415742397,3.1608683727681632,7.0,8.032744619995356,0.5
6921,2016,3590,1256,Kevin Strootman,h,MC,1881.0,2.0,3.0,11.0,4.0,0.0,2.30694118887186,3.2828464023768897,7.0,8.203669968992472,0.0
7214,2016,3598,1256,Kevin Strootman,a,MC,1963.0,2.0,3.0,11.0,4.0,0.0,2.30694118887186,3.3699091337621208,7.0,8.290732700377703,0.0
7257,2016,3608,1256,Kevin Strootman,h,DMC,2053.0,2.0,3.0,12.0,4.0,0.0,2.337298937141895,3.4605899862945075,7.0,8.472486797720194,0.0
7776,2016,3618,1256,Kevin Strootman,a,Sub,2143.0,3.0,3.0,14.0,4.0,0.0,2.461859583854675,3.504873055964708,10.0,8.890451807528734,3.0
8065,2016,3631,1256,Kevin Strootman,h,MC,2161.0,3.0,4.0,14.0,4.0,0.0,2.461859583854675,3.8169144876301284,11.0,9.202493239194155,1.0
8582,2016,3649,1256,Kevin Strootman,a,DMC,2251.0,3.0,5.0,15.0,5.0,0.0,2.5095664933323856,4.352016914635897,11.5,9.380716394633055,0.5
8682,2016,3652,1256,Kevin Strootman,h,MC,2341.0,3.0,5.0,16.0,6.0,0.0,2.5224795797839756,4.405552953481674,11.0,8.972991692833602,-0.5
9199,2016,3670,1256,Kevin Strootman,a,MC,2431.0,3.0,5.0,16.0,6.0,0.0,2.5224795797839756,4.445217799395323,11.0,9.012656538747251,0.0
9266,2016,3675,1256,Kevin Strootman,h,MC,2521.0,4.0,5.0,19.0,6.0,0.0,3.194147215224802,4.483102228492498,14.0,11.065543874166906,3.0
10063,2016,3709,1256,Kevin Strootman,a,MC,2611.0,4.0,5.0,20.0,6.0,0.0,3.2183061083778735,4.632684331387281,14.0,11.287602656520903,0.0
10413,2016,3714,1256,Kevin Strootman,h,DMC,2701.0,4.0,7.0,21.0,6.0,0.0,3.257389235310256,5.141872983425856,16.0,11.914040689356625,2.0
