,season,matchId,playerId,player,homeOrAway,position,time,goals,assists,shots,yellowCard,redCard,xG,xA,bonus,xB,lastBonus
136,2016,935,1393,Lorenzo Insigne,a,FWL,0.0,0.0,0.0,0.0,0.0,0.0,0.0,0.0,0.0,0.0,0.0
320,2016,942,1393,Lorenzo Insigne,h,Sub,54.0,0.0,0.0,3.0,0.0,0.0,0.1398640275001526,0.0696581378579139,0.0,0.4892502203583717,0.0
609,2016,952,1393,Lorenzo Insigne,a,FWL,65.0,0.0,0.0,3.0,0.0,0.0,0.1398640275001526,0.0696581378579139,0.0,0.4892502203583717,0.0
875,2016,962,1393,Lorenzo Insigne,h,FWL,155.0,0.0,1.0,7.0,0.0,0.0,0.3947103023529053,0.748189128935337,1.0,1.9323200359940529,1.0
1228,2016,974,1393,Lorenzo Insigne,a,Sub,245.0,0.0,2.0,14.0,0.0,0.0,0.9965617656707764,0.9625613912940023,2.0,3.9522466883063316,1.0
1407,2016,981,1393,Lorenzo Insigne,h,FWL,266.0,0.0,2.0,16.0,0.0,0.0,1.3276146054267883,0.9818428717553613,2.0,4.9646866880357265,0.0
1784,2016,994,1393,Lorenzo Insigne,a,FWL,348.0,0.0,3.0,18.0,0.0,0.0,1.387801993638277,1.1099222563207147,3.0,5.273328237235546,1.0
1938,2016,1000,1393,Lorenzo Insigne,h,FWL,427.0,0.0,3.0,19.0,0.0,0.0,1.446393508464098,1.1589405462145803,3.0,5.4981210716068745,0.0
2608,2016,3284,1393,Lorenzo Insigne,h,FWL,517.0,0.0,3.0,22.0,0.0,0.0,1.5676124729216099,1.248970255255699,3.0,5.951807674020529,0.0
2818,2016,3291,1393,Lorenzo Insigne,a,FWL,607.0,0.0,3.0,29.0,0.0,0.0,1.7674477435648441,1.9248262494802473,3.0,7.22716948017478,0.0
3082,2016,2747,1393,Lorenzo Insigne,h,FWL,669.0,0.0,4.0,30.0,1.0,0.0,1.7872954346239567,2.5351372808218002,3.5,7.39702358469367,0.5
3376,2016,2757,1393,Lorenzo Insigne,a,FWL,736.0,0.0,4.0,34.0,1.0,0.0,1.9553388394415379,2.583089981228113,3.5,7.949106499552727,0.0
3838,2016,2774,1393,Lorenzo Insigne,h,FWL,815.0,2.0,4.0,38.0,1.0,0.0,3.5258815325796604,2.583089981228113,9.5,12.660734578967094,6.0
3894,2016,3066,1393,Lorenzo Insigne,h,FWL,903.0,3.0,4.0,44.0,1.0,0.0,4.351214651018381,2.647349040955305,12.5,15.200992994010448,3.0
4241,2016,3078,1393,Lorenzo Insigne,a,FWL,962.0,4.0,4.0,46.0,1.0,0.0,4.468972194939852,3.415595632046461,15.5,16.322512216866016,3.0
4561,2016,3092,1393,Lorenzo Insigne,h,FWL,1052.0,4.0,5.0,50.0,1.0,0.0,5.050115216523409,4.725802879780531,16.5,19.376148529350758,1.0
4965,2016,3104,1393,Lorenzo Insigne,a,FWL,1134.0,4.0,5.0,53.0,1.0,0.0,5.310172189027071,4.8385780192911625,16.5,20.269094586372375,0.0
5006,2016,3521,1393,Lorenzo Insigne,h,FWL,1224.0,5.0,5.0,56.0,1.0,0.0,5.3558103404939175,4.8385780192911625,19.5,20.406009040772915,3.0
5368,2016,3535,1393,Lorenzo Insigne,h,FWL,1314.0,5.0,5.0,64.0,1.0,0.0,5.62801706418395,5.272392723709345,19.5,21.656443916261196,0.0
5520,2016,3541,1393,Lorenzo Insigne,a,FWL,1394.0,5.0,5.0,70.0,1.0,0.0,5.897220429033041,5.331146322190762,19.5,22.522807609289885,0.0
6033,2016,3559,1393,Lorenzo Insigne,h,FWL,1484.0,6.0,5.0,74.0,1.0,0.0,6.117573704570532,5.350782990455627,22.5,23.203504104167223,3.0
6102,2016,3560,1393,Lorenzo Insigne,a,FWL,1574.0,6.0,5.0,78.0,1.0,0.0,6.851351287215948,5.350782990455627,22.5,25.40483685210347,0.0
6424,2016,3572,1393,Lorenzo Insigne,h,FWL,1656.0,7.0,5.0,81.0,1.0,0.0,7.090154480189085,5.712114095687866,25.5,26.48257753625512,3.0
6911,2016,3589,1393,Lorenzo Insigne,a,FWL,1746.0,7.0,5.0,87.0,1.0,0.0,7.458467315882444,5.712114095687866,25.5,27.5875160433352,0.0
6981,2016,3592,1393,Lorenzo Insigne,h,FWL,1827.0,8.0,6.0,91.0,1.0,0.0,7.653276663273573,5.886307865381241,29.5,28.34613785520196,4.0
7275,2016,3608,1393,Lorenzo Insigne,a,FWL,1906.0,8.0,6.0,94.0,1.0,0.0,7.732288245111704,5.968837350606918,29.5,28.66570208594203,0.0
7678,2016,3615,1393,Lorenzo Insigne,h,FWL,1996.0,8.0,7.0,96.0,1.0,0.0,7.861006487160921,6.639473646879196,30.5,29.72249310836196,1.0
7887,2016,3628,1393,Lorenzo Insigne,a,FWL,2068.0,10.0,7.0,100.0,1.0,0.0,9.11504839733243,7.113816022872925,36.5,33.958961214870214,6.0
8321,2016,3637,1393,Lorenzo Insigne,h,FWL,2146.0,12.0,7.0,103.0,1.0,0.0,10.017999816685915,7.179251976311207,42.5,36.73325142636895,6.0
8643,2016,3646,1393,Lorenzo Insigne,a,FWL,2236.0,12.0,7.0,108.0,2.0,0.0,10.258404958993196,7.265085406601429,42.0,37.04030028358102,-0.5
8909,2016,3661,1393,Lorenzo Insigne,h,FWL,2326.0,14.0,7.0,112.0,2.0,0.0,11.422502625733614,7.293690683320165,48.0,40.56119856052101,6.0
9006,2016,3668,1393,Lorenzo Insigne,a,FWL,2416.0,14.0,7.0,118.0,2.0,0.0,12.133010257035494,7.293690683320165,48.0,42.692721454426646,0.0
9481,2016,3677,1393,Lorenzo Insigne,a,FWL,2506.0,14.0,7.0,124.0,2.0,0.0,12.408814806491137,7.3892716113477945,48.0,43.615716030821204,0.0
9495,2016,3684,1393,Lorenzo Insigne,h,FWL,2596.0,14.0,7.0,131.0,2.0,0.0,12.846688974648714,7.535332346335053,48.0,45.075399270281196,0.0
9956,2016,3698,1393,Lorenzo Insigne,a,FWL,2676.0,15.0,7.0,137.0,2.0,0.0,13.64847569540143,7.580305466428399,51.0,47.52573255263269,3.0
10082,2016,3706,1393,Lorenzo Insigne,h,FWL,2766.0,16.0,8.0,139.0,2.0,0.0,14.078934330493212,7.644653202965856,55.0,48.88145619444549,4.0
10460,2016,3718,1393,Lorenzo Insigne,a,FWL,2856.0,17.0,8.0,142.0,2.0,0.0,14.531988549977541,7.736171284690499,58.0,50.33213693462312,3.0
