,season,matchId,playerId,player,homeOrAway,position,time,goals,assists,shots,yellowCard,redCard,xG,xA,bonus,xB,lastBonus
108,2016,934,1473,Matteo Politano,a,FWL,0.0,0.0,0.0,0.0,0.0,0.0,0.0,0.0,0.0,0.0,0.0
400,2016,945,1473,Matteo Politano,h,FWL,86.0,0.0,0.0,7.0,0.0,0.0,0.3728571534156799,0.0385806635022163,0.0,1.157152123749256,0.0
579,2016,951,1473,Matteo Politano,a,FWR,151.0,0.0,0.0,8.0,0.0,0.0,0.41552752628922446,0.2231655791401862,0.0,1.46974815800786,0.0
929,2016,964,1473,Matteo Politano,h,FWR,241.0,0.0,0.0,12.0,0.0,0.0,0.8407164253294466,0.2231655791401862,0.0,2.7453148551285267,0.0
1171,2016,972,1473,Matteo Politano,a,Sub,331.0,1.0,0.0,16.0,0.0,0.0,1.8762839473783968,0.31636755913496,3.0,5.945219401270151,3.0
1461,2016,983,1473,Matteo Politano,h,FWR,359.0,1.0,0.0,16.0,0.0,0.0,1.8762839473783968,0.31636755913496,3.0,5.945219401270151,0.0
1894,2016,998,1473,Matteo Politano,a,FWR,449.0,1.0,0.0,19.0,0.0,0.0,2.0427013076841827,0.7527036592364309,3.0,6.8808075822889805,0.0
2132,2016,1007,1473,Matteo Politano,h,FWR,539.0,2.0,0.0,23.0,1.0,0.0,2.5188592411577697,0.7527036592364309,5.5,7.809281382709742,2.5
2459,2016,1018,1473,Matteo Politano,a,Sub,629.0,2.0,0.0,29.0,1.0,0.0,2.761758897453546,0.8204686790704725,5.5,8.605745371431112,0.0
2717,2016,3288,1473,Matteo Politano,h,AMR,671.0,2.0,0.0,31.0,1.0,0.0,2.803116418421268,0.883420020341873,5.5,8.792769275605679,0.0
2874,2016,3293,1473,Matteo Politano,a,FW,761.0,2.0,1.0,33.0,1.0,0.0,2.8874446898698802,1.2614647746086118,6.5,9.423798844218254,1.0
3220,2016,2752,1473,Matteo Politano,h,AMC,851.0,2.0,2.0,34.0,1.0,0.0,2.9540518969297405,1.6967046558856962,7.5,10.05886034667492,1.0
3850,2016,2774,1473,Matteo Politano,a,FWR,941.0,2.0,2.0,37.0,1.0,0.0,3.016374304890632,1.7702937871217725,7.5,10.31941670179367,0.0
5061,2016,3524,1473,Matteo Politano,h,FWL,978.0,2.0,2.0,37.0,1.0,0.0,3.016374304890632,1.7702937871217725,7.5,10.31941670179367,0.0
5343,2016,3534,1473,Matteo Politano,h,Sub,1051.0,2.0,2.0,40.0,1.0,0.0,3.1441551297903056,1.893267177045345,7.5,10.825732566416264,0.0
5657,2016,3545,1473,Matteo Politano,a,AML,1064.0,3.0,2.0,42.0,1.0,0.0,3.509803339838981,1.893267177045345,10.5,11.92267719656229,3.0
5977,2016,3557,1473,Matteo Politano,h,AML,1154.0,3.0,4.0,47.0,2.0,0.0,3.7723387032747264,2.06023808568716,12.0,12.377254195511341,1.5
6161,2016,3562,1473,Matteo Politano,a,Sub,1244.0,3.0,4.0,49.0,3.0,0.0,3.8739288002252574,2.11287947371602,11.5,12.234665874391794,-0.5
6536,2016,3576,1473,Matteo Politano,h,FWL,1262.0,3.0,4.0,51.0,3.0,0.0,4.056734487414359,2.11287947371602,11.5,12.7830829359591,0.0
6883,2016,3588,1473,Matteo Politano,a,FWL,1352.0,3.0,4.0,56.0,3.0,0.0,4.70711426436901,2.4583470113575454,11.5,15.079689804464579,0.0
7121,2016,3596,1473,Matteo Politano,h,FWL,1442.0,3.0,4.0,59.0,3.0,0.0,5.3053738325834265,2.837643045932054,11.5,17.253764543682337,0.0
7496,2016,3611,1473,Matteo Politano,a,FWL,1522.0,3.0,4.0,61.0,3.0,0.0,5.414743408560752,2.981607977300882,11.5,17.72583820298314,0.0
7594,2016,3613,1473,Matteo Politano,h,FWL,1612.0,3.0,4.0,63.0,3.0,0.0,5.766338482499122,3.00697193108499,11.5,18.80598737858236,0.0
8081,2016,3631,1473,Matteo Politano,a,FWR,1702.0,3.0,4.0,66.0,4.0,0.0,5.908915042877196,3.069052023813128,11.0,18.79579715244472,-0.5
8097,2016,3638,1473,Matteo Politano,h,FWL,1792.0,3.0,4.0,68.0,4.0,0.0,6.002612560987472,3.1437907870858903,11.0,19.15162847004831,0.0
8422,2016,3650,1473,Matteo Politano,a,Sub,1877.0,3.0,4.0,70.0,4.0,0.0,6.14215637743473,3.1437907870858903,11.0,19.570259919390082,0.0
8879,2016,3660,1473,Matteo Politano,h,FWR,1933.0,3.0,4.0,70.0,4.0,0.0,6.14215637743473,3.1437907870858903,11.0,19.570259919390082,0.0
9426,2016,3680,1473,Matteo Politano,a,Sub,2021.0,3.0,4.0,72.0,5.0,0.0,6.237197533249854,3.1437907870858903,10.5,19.355383386835456,-0.5
9636,2016,3686,1473,Matteo Politano,h,Sub,2036.0,3.0,4.0,72.0,5.0,0.0,6.237197533249854,3.1437907870858903,10.5,19.355383386835456,0.0
9845,2016,3700,1473,Matteo Politano,a,FWL,2079.0,4.0,5.0,73.0,5.0,0.0,6.9984963685274115,3.755241042003035,14.5,22.250730147585273,4.0
10166,2016,3704,1473,Matteo Politano,h,FWL,2157.0,4.0,5.0,73.0,5.0,0.0,6.9984963685274115,3.7844206094741817,14.5,22.27990971505642,0.0
10570,2016,3720,1473,Matteo Politano,a,FWL,2241.0,5.0,5.0,75.0,5.0,0.0,7.161719888448714,3.8658075928688045,17.5,22.85096725821495,3.0
