,season,matchId,playerId,player,homeOrAway,position,time,goals,assists,shots,yellowCard,redCard,xG,xA,bonus,xB,lastBonus
563,2016,951,1290,Miralem Pjanic,h,MC,0.0,0.0,0.0,0.0,0.0,0.0,0.0,0.0,0.0,0.0,0.0
1055,2016,968,1290,Miralem Pjanic,a,MC,90.0,1.0,0.0,5.0,0.0,0.0,1.5546298027038574,0.2277789264917373,3.0,4.89166833460331,3.0
1235,2016,975,1290,Miralem Pjanic,h,MC,180.0,1.0,0.0,7.0,0.0,0.0,1.649595983326435,0.2277789264917373,3.0,5.176566876471043,0.0
1391,2016,980,1290,Miralem Pjanic,a,MC,270.0,1.0,1.0,11.0,0.0,0.0,2.134566970169544,0.3637626916170119,4.0,6.767463602125645,1.0
1725,2016,992,1290,Miralem Pjanic,a,MC,341.0,1.0,1.0,13.0,0.0,0.0,2.209390304982662,0.7347702533006667,4.0,7.362941168248653,0.0
2257,2016,1011,1290,Miralem Pjanic,a,MC,423.0,1.0,1.0,14.0,0.0,0.0,2.2766003757715225,2.0196975022554398,4.0,8.849498629570007,0.0
2549,2016,3282,1290,Miralem Pjanic,h,MC,513.0,1.0,1.0,16.0,1.0,0.0,2.3286493495106697,2.2763197273015976,3.5,8.762267775833607,-0.5
2801,2016,3291,1290,Miralem Pjanic,h,MC,597.0,2.0,2.0,18.0,1.0,0.0,2.7622400894761086,2.6882689744234085,7.5,10.474989242851734,4.0
3177,2016,2750,1290,Miralem Pjanic,a,MC,666.0,2.0,2.0,18.0,1.0,0.0,2.7622400894761086,2.7021946404129267,7.5,10.488914908841252,0.0
3765,2016,2771,1290,Miralem Pjanic,a,MC,756.0,3.0,2.0,20.0,1.0,0.0,2.991666041314602,3.5738390777260065,10.5,12.048837201669812,3.0
3920,2016,3067,1290,Miralem Pjanic,h,AMC,846.0,4.0,2.0,23.0,1.0,0.0,3.1429599449038506,4.047125795856118,13.5,12.97600563056767,3.0
4270,2016,3079,1290,Miralem Pjanic,a,Sub,924.0,4.0,4.0,26.0,1.0,0.0,3.261095941066742,4.258588055148721,15.5,13.541875878348947,2.0
4531,2016,3089,1290,Miralem Pjanic,h,AMC,932.0,5.0,4.0,28.0,1.0,0.0,4.146810412406921,4.258588055148721,18.5,16.199019292369485,3.0
5199,2016,3529,1290,Miralem Pjanic,h,AMC,983.0,5.0,4.0,28.0,1.0,0.0,4.146810412406921,4.258588055148721,18.5,16.199019292369485,0.0
5586,2016,3542,1290,Miralem Pjanic,h,DMC,1054.0,5.0,5.0,30.0,1.0,0.0,4.259017810225487,4.405796656385064,19.5,16.682850087061524,1.0
5987,2016,3557,1290,Miralem Pjanic,a,DMC,1144.0,5.0,5.0,30.0,1.0,0.0,4.259017810225487,4.834555068984628,19.5,17.111608499661088,0.0
6307,2016,3568,1290,Miralem Pjanic,h,DMC,1234.0,5.0,5.0,33.0,2.0,0.0,4.438679903745651,4.865028277039528,19.0,17.18106798827648,-0.5
6413,2016,3570,1290,Miralem Pjanic,a,Sub,1324.0,5.0,5.0,35.0,3.0,0.0,4.847537994384766,4.901830181479454,18.5,17.94444416463375,-0.5
6664,2016,3580,1290,Miralem Pjanic,a,Sub,1344.0,5.0,5.0,36.0,3.0,0.0,4.979791671037674,5.088665246963501,18.5,18.528040260076523,0.0
7004,2016,3595,1290,Miralem Pjanic,h,DMC,1365.0,5.0,5.0,37.0,3.0,0.0,5.001032264903188,5.194567836821079,18.5,18.697664631530643,0.0
7437,2016,3606,1290,Miralem Pjanic,a,DMC,1455.0,5.0,5.0,41.0,3.0,0.0,5.21920901723206,5.215869033709168,18.5,19.37349608540535,0.0
7533,2016,3617,1290,Miralem Pjanic,h,DMC,1545.0,5.0,5.0,42.0,3.0,0.0,5.2388527654111385,5.215869033709168,18.5,19.432427329942584,0.0
7967,2016,3626,1290,Miralem Pjanic,a,DMC,1635.0,5.0,5.0,44.0,4.0,0.0,5.363096658140421,5.215869033709168,18.0,19.30515900813043,-0.5
8333,2016,3637,1290,Miralem Pjanic,a,AMC,1725.0,5.0,5.0,44.0,4.0,0.0,5.363096658140421,5.241349568590522,18.0,19.330639543011785,0.0
8834,2016,3657,1290,Miralem Pjanic,a,DMC,1813.0,5.0,6.0,44.0,4.0,0.0,5.363096658140421,5.6254531648010015,19.0,19.714743139222264,1.0
9225,2016,3674,1290,Miralem Pjanic,a,DMC,1859.0,5.0,6.0,45.0,5.0,0.0,5.449003163725138,5.678739475086331,18.5,19.525748966261744,-0.5
9524,2016,3691,1290,Miralem Pjanic,h,Sub,1949.0,5.0,7.0,47.0,5.0,0.0,5.538557928055525,6.408287035301328,19.5,20.523960819467902,1.0
10036,2016,3695,1290,Miralem Pjanic,a,MC,1969.0,5.0,8.0,47.0,5.0,0.0,5.538557928055525,6.977401481941342,20.5,21.093075266107917,1.0
10190,2016,3705,1290,Miralem Pjanic,h,DMC,2059.0,5.0,8.0,48.0,5.0,0.0,5.553041220642626,6.977401481941342,20.5,21.13652514386922,0.0
10379,2016,3715,1290,Miralem Pjanic,a,Sub,2145.0,5.0,8.0,50.0,5.0,0.0,5.710122109390795,7.093087086454034,20.5,21.72345341462642,0.0
