,season,matchId,playerId,player,homeOrAway,position,time,goals,assists,shots,yellowCard,redCard,xG,xA,bonus,xB,lastBonus
5,2016,931,1251,Radja Nainggolan,h,MC,0.0,0.0,0.0,0.0,0.0,0.0,0.0,0.0,0.0,0.0,0.0
493,2016,948,1251,Radja Nainggolan,a,MC,90.0,0.0,1.0,4.0,0.0,0.0,0.6662169694900513,0.5909988284111023,1.0,2.589649736881256,1.0
704,2016,956,1251,Radja Nainggolan,h,MC,180.0,0.0,1.0,8.0,0.0,0.0,0.8348326086997986,0.6364559382200241,1.0,3.14095376431942,0.0
1081,2016,969,1251,Radja Nainggolan,a,MC,266.0,0.0,1.0,10.0,0.0,0.0,0.8873278684914112,0.6659659631550311,1.0,3.327949568629265,0.0
1447,2016,982,1251,Radja Nainggolan,a,AMC,351.0,0.0,1.0,13.0,0.0,0.0,1.106344137340784,0.7044029198586939,1.0,4.023435331881046,0.0
1911,2016,999,1251,Radja Nainggolan,h,Sub,423.0,0.0,1.0,14.0,0.0,0.0,1.1444556787610054,0.7704369910061356,1.0,4.203804027289152,0.0
1950,2016,1000,1251,Radja Nainggolan,a,AMC,424.0,0.0,1.0,14.0,0.0,0.0,1.1444556787610054,0.7704369910061356,1.0,4.203804027289152,0.0
2468,2016,1019,1251,Radja Nainggolan,h,AMC,504.0,0.0,1.0,17.0,0.0,0.0,1.2319429963827133,0.8928385116159911,1.0,4.5886675007641315,0.0
2732,2016,3288,1251,Radja Nainggolan,a,AMC,573.0,0.0,1.0,17.0,0.0,0.0,1.2319429963827133,0.9813646338880058,1.0,4.677193623036146,0.0
2956,2016,3296,1251,Radja Nainggolan,a,AMC,663.0,1.0,1.0,20.0,0.0,0.0,1.6833794564008713,0.9813646338880058,4.0,6.03150300309062,3.0
3304,2016,2755,1251,Radja Nainggolan,h,AMC,753.0,1.0,1.0,22.0,0.0,0.0,1.7189781963825226,1.2152068726718421,4.0,6.37214146181941,0.0
3542,2016,2763,1251,Radja Nainggolan,a,AMC,843.0,1.0,1.0,23.0,0.0,0.0,1.8157632052898407,1.9213640801608558,4.0,7.368653696030378,0.0
3808,2016,2773,1251,Radja Nainggolan,h,AMC,930.0,1.0,1.0,23.0,0.0,0.0,1.8157632052898407,2.2604437284171577,4.0,7.70773334428668,0.0
3990,2016,3069,1251,Radja Nainggolan,a,MC,995.0,1.0,1.0,27.0,1.0,0.0,1.948105812072754,2.321915794163942,3.5,7.666233230382204,-0.5
4421,2016,3085,1251,Radja Nainggolan,h,AMC,1085.0,2.0,1.0,28.0,1.0,0.0,1.9735569674521685,2.7531897909939285,6.5,8.173860693350434,3.0
4545,2016,3089,1251,Radja Nainggolan,a,AMC,1175.0,3.0,1.0,30.0,1.0,0.0,2.020095406100154,2.8529178760945793,9.5,8.413204094395041,3.0
4808,2016,3100,1251,Radja Nainggolan,h,MC,1265.0,3.0,1.0,33.0,2.0,0.0,2.1845014076679945,2.8689498957246538,9.0,8.422454118728638,-0.5
5128,2016,3526,1251,Radja Nainggolan,a,AMC,1355.0,3.0,1.0,36.0,2.0,0.0,2.36904270760715,2.903007427230477,9.0,9.010135550051928,0.0
5409,2016,3536,1251,Radja Nainggolan,a,AMC,1445.0,3.0,1.0,41.0,2.0,0.0,2.561463637277484,3.1502824965864415,9.0,9.834673408418894,0.0
5754,2016,3549,1251,Radja Nainggolan,h,AMC,1535.0,4.0,1.0,43.0,2.0,0.0,2.6679181586951017,3.278500104323029,12.0,10.282254580408335,3.0
5853,2016,3554,1251,Radja Nainggolan,a,AMC,1623.0,4.0,1.0,46.0,2.0,0.0,2.748023984953761,3.3216083180159326,12.0,10.565680272877216,0.0
6338,2016,3569,1251,Radja Nainggolan,h,AMC,1713.0,4.0,1.0,50.0,2.0,0.0,2.9189188610762358,3.7147670518606897,12.0,11.471523635089397,0.0
6493,2016,3574,1251,Radja Nainggolan,a,AMC,1802.0,5.0,1.0,54.0,2.0,0.0,3.639883352443576,4.68842632882297,15.0,14.608076386153698,3.0
6923,2016,3590,1251,Radja Nainggolan,h,AMC,1892.0,6.0,1.0,55.0,2.0,0.0,3.705467028543353,4.836612759158015,18.0,14.953013844788074,3.0
7218,2016,3598,1251,Radja Nainggolan,a,AMC,1982.0,7.0,2.0,59.0,2.0,0.0,3.955257399007678,4.920002853497863,22.0,15.785775050520897,4.0
7259,2016,3608,1251,Radja Nainggolan,h,AMC,2072.0,9.0,2.0,62.0,2.0,0.0,4.093041745945811,4.920002853497863,28.0,16.199128091335297,6.0
7772,2016,3618,1251,Radja Nainggolan,a,MC,2162.0,9.0,2.0,65.0,2.0,0.0,4.169727509841323,5.222512012347579,28.0,16.731694541871548,0.0
8067,2016,3631,1251,Radja Nainggolan,h,AMC,2252.0,9.0,3.0,68.0,2.0,0.0,4.617008363828063,5.524441992864013,29.0,18.3754670843482,1.0
8121,2016,3636,1251,Radja Nainggolan,h,MC,2342.0,9.0,3.0,69.0,2.0,0.0,4.63906098715961,5.658869048580527,29.0,18.576052010059357,0.0
8585,2016,3649,1251,Radja Nainggolan,a,AMC,2432.0,9.0,3.0,72.0,2.0,0.0,4.768101228401065,5.6687112571671605,29.0,18.973014942370355,0.0
8680,2016,3652,1251,Radja Nainggolan,h,MC,2522.0,9.0,3.0,72.0,2.0,0.0,4.768101228401065,5.814745825715363,29.0,19.119049510918558,0.0
9198,2016,3670,1251,Radja Nainggolan,a,MC,2612.0,9.0,3.0,76.0,2.0,0.0,4.981904340907931,5.972337973304093,29.0,19.918050996027887,0.0
9267,2016,3675,1251,Radja Nainggolan,h,MC,2702.0,10.0,3.0,79.0,2.0,0.0,5.445263547822833,6.341682923026383,32.0,21.677473566494882,3.0
9759,2016,3689,1251,Radja Nainggolan,a,AMC,2792.0,10.0,3.0,81.0,2.0,0.0,5.494369702413678,6.361591654829681,32.0,21.844700762070715,0.0
10024,2016,3695,1251,Radja Nainggolan,h,FW,2864.0,10.0,3.0,86.0,2.0,0.0,5.715376215055585,7.0257248459383845,32.0,23.17185349110514,0.0
10071,2016,3709,1251,Radja Nainggolan,a,Sub,2943.0,11.0,4.0,87.0,2.0,0.0,5.8519075978547335,7.369107353501022,36.0,23.924830147065222,4.0
10416,2016,3714,1251,Radja Nainggolan,h,AMC,2962.0,11.0,5.0,87.0,2.0,0.0,5.8519075978547335,7.478315318934619,37.0,24.03403811249882,1.0
