,season,matchId,playerId,player,homeOrAway,position,time,goals,assists,shots,yellowCard,redCard,xG,xA,bonus,xB,lastBonus
730,2016,957,1488,Remo Freuler,h,MC,0.0,0.0,0.0,0.0,0.0,0.0,0.0,0.0,0.0,0.0,0.0
1347,2016,979,1488,Remo Freuler,h,DMC,66.0,0.0,0.0,1.0,0.0,0.0,0.0184572283178567,0.0,0.0,0.0553716849535703,0.0
1613,2016,988,1488,Remo Freuler,a,MC,123.0,0.0,0.0,2.0,0.0,0.0,0.11873243935406189,0.0851661413908004,0.0,0.4413634594529866,0.0
1766,2016,994,1488,Remo Freuler,h,MC,213.0,0.0,0.0,3.0,0.0,0.0,0.14482227154076077,0.1149869859218596,0.0,0.5494538005441426,0.0
2032,2016,1003,1488,Remo Freuler,a,MC,303.0,0.0,0.0,4.0,0.0,0.0,0.16996766068041297,0.22145867347717269,0.0,0.7313616555184124,0.0
2409,2016,1017,1488,Remo Freuler,h,MC,393.0,0.0,0.0,4.0,0.0,0.0,0.16996766068041297,0.3272135555744169,0.0,0.8371165376156565,0.0
2702,2016,3287,1488,Remo Freuler,a,MC,483.0,0.0,0.0,4.0,0.0,0.0,0.16996766068041297,0.5300277322530744,0.0,1.039930714294314,0.0
2828,2016,3292,1488,Remo Freuler,h,MC,573.0,0.0,1.0,4.0,0.0,0.0,0.16996766068041297,0.9036123901605604,1.0,1.4135153722018,1.0
3531,2016,2763,1488,Remo Freuler,h,Sub,663.0,0.0,1.0,5.0,0.0,0.0,0.2608157936483619,1.0064949989318845,1.0,1.7889423798769708,0.0
3799,2016,2772,1488,Remo Freuler,a,Sub,694.0,0.0,1.0,8.0,0.0,0.0,0.438591072335839,1.0064949989318845,1.0,2.322268215939402,0.0
3931,2016,3067,1488,Remo Freuler,a,MC,697.0,0.0,1.0,8.0,0.0,0.0,0.438591072335839,1.0718194171786306,1.0,2.387592634186148,0.0
4314,2016,3081,1488,Remo Freuler,h,Sub,787.0,1.0,1.0,10.0,1.0,0.0,0.5446815658360717,1.1499305441975591,3.5,2.283975241705775,2.5
4521,2016,3088,1488,Remo Freuler,a,Sub,799.0,1.0,1.0,10.0,1.0,0.0,0.5446815658360717,1.1499305441975591,3.5,2.283975241705775,0.0
4751,2016,3097,1488,Remo Freuler,h,MC,817.0,1.0,1.0,10.0,1.0,0.0,0.5446815658360717,1.1696663722395895,3.5,2.303711069747805,0.0
5153,2016,3527,1488,Remo Freuler,a,MC,907.0,1.0,1.0,11.0,1.0,0.0,0.5715778991580006,1.8089535459876058,3.5,3.0236872434616084,0.0
5431,2016,3537,1488,Remo Freuler,a,MC,997.0,2.0,2.0,14.0,1.0,0.0,1.6196211501955982,2.542467974126339,7.5,6.901331424713135,4.0
5724,2016,3548,1488,Remo Freuler,h,MC,1087.0,2.0,3.0,15.0,1.0,0.0,1.639302928000688,2.649263307452202,8.5,7.0671720914542675,1.0
5905,2016,3552,1488,Remo Freuler,a,MC,1177.0,2.0,3.0,17.0,1.0,0.0,2.0838246233761306,2.7320789992809296,8.5,8.483552869409323,0.0
6223,2016,3565,1488,Remo Freuler,h,MC,1267.0,2.0,3.0,17.0,2.0,0.0,2.0838246233761306,2.7320789992809296,8.0,7.983552869409323,-0.5
6602,2016,3578,1488,Remo Freuler,a,MC,1357.0,2.0,3.0,17.0,2.0,0.0,2.0838246233761306,3.272705763578415,8.0,8.524179633706808,0.0
6726,2016,3583,1488,Remo Freuler,h,MC,1447.0,2.0,3.0,19.0,3.0,0.0,2.178786296397447,3.272705763578415,7.5,8.309064652770758,-0.5
6991,2016,3592,1488,Remo Freuler,a,MC,1537.0,2.0,3.0,21.0,4.0,0.0,2.358072433620691,3.2880683057010174,7.0,8.362285606563091,-0.5
7341,2016,3603,1488,Remo Freuler,h,MC,1627.0,2.0,3.0,21.0,4.0,0.0,2.358072433620691,3.2880683057010174,7.0,8.362285606563091,0.0
7632,2016,3612,1488,Remo Freuler,a,MC,1717.0,2.0,3.0,23.0,4.0,0.0,2.4228898696601386,3.4262987188994884,7.0,8.694968327879906,0.0
8009,2016,3630,1488,Remo Freuler,h,MC,1807.0,3.0,3.0,25.0,4.0,0.0,2.568504642695188,3.451034663245082,10.0,9.156548591330647,3.0
8190,2016,3632,1488,Remo Freuler,a,MC,1897.0,3.0,3.0,26.0,4.0,0.0,2.5855039358139034,3.451034663245082,10.0,9.207546470686793,0.0
8401,2016,3650,1488,Remo Freuler,h,MC,1978.0,3.0,3.0,29.0,4.0,0.0,2.745366513729095,3.4849988650530577,10.0,9.721098406240344,0.0
8696,2016,3652,1488,Remo Freuler,a,MC,2068.0,3.0,3.0,29.0,4.0,0.0,2.745366513729095,3.4849988650530577,10.0,9.721098406240344,0.0
8932,2016,3662,1488,Remo Freuler,h,MC,2158.0,3.0,3.0,29.0,4.0,0.0,2.745366513729095,3.569879924878478,10.0,9.805979466065764,0.0
9212,2016,3674,1488,Remo Freuler,h,MC,2248.0,4.0,3.0,30.0,4.0,0.0,3.090184688568115,3.569879924878478,13.0,10.840433990582824,3.0
9799,2016,3697,1488,Remo Freuler,h,MC,2338.0,5.0,3.0,33.0,5.0,0.0,4.668803334236145,3.6022228319197893,15.5,15.108632834628224,2.5
10119,2016,3702,1488,Remo Freuler,a,MC,2428.0,5.0,3.0,33.0,5.0,0.0,4.668803334236145,3.6022228319197893,15.5,15.108632834628224,0.0
10329,2016,3712,1488,Remo Freuler,h,MC,2518.0,5.0,4.0,35.0,5.0,0.0,4.739320196211338,4.038490178063512,16.5,15.756450766697526,1.0
