,season,matchId,playerId,player,homeOrAway,position,time,goals,assists,shots,yellowCard,redCard,xG,xA,bonus,xB,lastBonus
231,2016,939,1313,Riccardo Saponara,h,AMC,0.0,0.0,0.0,0.0,0.0,0.0,0.0,0.0,0.0,0.0,0.0
467,2016,947,1313,Riccardo Saponara,a,AMC,90.0,0.0,0.0,1.0,1.0,0.0,0.0367112904787063,0.3031084537506103,-0.5,-0.0867576748132705,-0.5
789,2016,959,1313,Riccardo Saponara,h,AMC,180.0,0.0,0.0,6.0,2.0,0.0,0.9859513789415358,0.3031084537506103,-1.0,2.260962590575218,-0.5
971,2016,965,1313,Riccardo Saponara,a,AMC,267.0,0.0,0.0,8.0,2.0,0.0,1.05581159889698,0.3401678502559661,-1.0,2.507602646946907,0.0
1181,2016,973,1313,Riccardo Saponara,h,AMC,347.0,0.0,0.0,9.0,2.0,0.0,1.0995928086340425,0.3401678502559661,-1.0,2.6389462761580944,0.0
1559,2016,986,1313,Riccardo Saponara,a,AMC,416.0,0.0,0.0,9.0,2.0,0.0,1.0995928086340425,0.4301239028573035,-1.0,2.728902328759432,0.0
2062,2016,1004,1313,Riccardo Saponara,a,AMC,506.0,0.0,0.0,10.0,2.0,0.0,1.1870568208396433,0.4905423223972319,-1.0,3.0517127849161625,0.0
2384,2016,1016,1313,Riccardo Saponara,h,AMC,596.0,0.0,0.0,10.0,3.0,0.0,1.1870568208396433,0.5421722680330274,-1.5,2.603342730551958,-0.5
2620,2016,3284,1313,Riccardo Saponara,a,AMC,686.0,0.0,0.0,12.0,3.0,0.0,1.3430169336497781,0.5908219628036019,-1.5,3.1198727637529373,0.0
2942,2016,3296,1313,Riccardo Saponara,h,AMC,776.0,0.0,0.0,12.0,3.0,0.0,1.3430169336497781,0.6931598149240012,-1.5,3.222210615873337,0.0
3122,2016,2748,1313,Riccardo Saponara,a,AMC,866.0,0.0,0.0,13.0,3.0,0.0,1.3876343481242654,0.7448318116366859,-1.5,3.4077348560094833,0.0
3500,2016,2762,1313,Riccardo Saponara,h,AMC,956.0,1.0,1.0,15.0,3.0,0.0,1.5386441610753534,1.120650868862867,2.5,4.236583352088928,4.0
3640,2016,2767,1313,Riccardo Saponara,h,AMC,1024.0,1.0,1.0,18.0,3.0,0.0,1.6230830214917658,1.2021995894610877,2.5,4.571448653936386,0.0
4072,2016,3072,1313,Riccardo Saponara,a,AMC,1114.0,2.0,1.0,23.0,3.0,0.0,2.32522239908576,1.354929637163877,5.5,6.830596834421158,3.0
4351,2016,3082,1313,Riccardo Saponara,a,AMC,1204.0,2.0,1.0,26.0,3.0,0.0,2.519627969712019,1.354929637163877,5.5,7.413813546299934,0.0
4475,2016,3087,1313,Riccardo Saponara,h,AMC,1294.0,2.0,1.0,26.0,3.0,0.0,2.519627969712019,1.3852989505976434,5.5,7.444182859733701,0.0
4977,2016,3520,1313,Riccardo Saponara,h,AMC,1384.0,2.0,1.0,26.0,4.0,0.0,2.519627969712019,1.3852989505976434,5.0,6.944182859733701,-0.5
5324,2016,3533,1313,Riccardo Saponara,a,AMC,1450.0,2.0,1.0,27.0,4.0,0.0,2.553544659167528,1.3852989505976434,5.0,7.045932928100228,0.0
6454,2016,3573,1313,Riccardo Saponara,h,Sub,1540.0,2.0,1.0,28.0,4.0,0.0,2.5731349010020494,1.420946473255753,5.0,7.140351176261902,0.0
6968,2016,3591,1313,Riccardo Saponara,a,Sub,1554.0,2.0,1.0,29.0,4.0,0.0,2.5933118145912886,1.420946473255753,5.0,7.200881917029619,0.0
7231,2016,3600,1313,Riccardo Saponara,h,AMC,1562.0,2.0,1.0,29.0,4.0,0.0,2.5933118145912886,1.420946473255753,5.0,7.200881917029619,0.0
7649,2016,3614,1313,Riccardo Saponara,h,AMC,1643.0,3.0,1.0,32.0,5.0,0.0,3.285826114937663,1.420946473255753,7.5,8.778424818068743,2.5
7946,2016,3623,1313,Riccardo Saponara,a,Sub,1711.0,3.0,1.0,34.0,5.0,0.0,3.4187826942652464,1.4492890741676088,7.5,9.205637156963348,0.0
8211,2016,3633,1313,Riccardo Saponara,h,Sub,1734.0,3.0,2.0,37.0,5.0,0.0,3.5482854824513197,1.7560832705348726,8.5,9.900939717888832,1.0
8476,2016,3643,1313,Riccardo Saponara,a,Sub,1751.0,3.0,2.0,38.0,5.0,0.0,3.586706528440118,1.7560832705348726,8.5,10.016202855855227,0.0
8794,2016,3656,1313,Riccardo Saponara,h,AMC,1759.0,3.0,3.0,39.0,5.0,0.0,3.6075011659413576,1.7861022613942619,9.5,10.108605759218335,1.0
9343,2016,3673,1313,Riccardo Saponara,a,Sub,1821.0,3.0,3.0,39.0,5.0,0.0,3.6075011659413576,1.8494664989411826,9.5,10.171969996765256,0.0
10098,2016,3706,1313,Riccardo Saponara,a,Sub,1853.0,3.0,3.0,40.0,5.0,0.0,3.6258524414151907,1.8494664989411826,9.5,10.227023823186755,0.0
10527,2016,3719,1313,Riccardo Saponara,h,AMC,1862.0,3.0,3.0,41.0,5.0,0.0,3.635199754498899,1.8494664989411826,9.5,10.25506576243788,0.0
