,season,matchId,playerId,player,homeOrAway,position,time,goals,assists,shots,yellowCard,redCard,xG,xA,bonus,xB,lastBonus
203,2016,938,1336,Valter Birsa,h,AMC,0.0,0.0,0.0,0.0,0.0,0.0,0.0,0.0,0.0,0.0,0.0
551,2016,950,1336,Valter Birsa,a,AMC,87.0,2.0,0.0,5.0,0.0,0.0,0.521788477897644,0.0,6.0,1.565365433692932,6.0
649,2016,954,1336,Valter Birsa,h,AMC,162.0,2.0,0.0,6.0,0.0,0.0,0.5451201964169741,0.0,6.0,1.635360589250922,0.0
915,2016,963,1336,Valter Birsa,a,AMC,242.0,2.0,1.0,6.0,0.0,0.0,0.5451201964169741,1.029424071311951,7.0,2.664784660562873,1.0
1153,2016,972,1336,Valter Birsa,h,AMC,332.0,2.0,1.0,9.0,0.0,0.0,0.9752659369260073,1.3015967905521395,7.0,4.227394601330161,0.0
1419,2016,981,1336,Valter Birsa,a,AMC,422.0,2.0,2.0,9.0,0.0,0.0,0.9752659369260073,1.3795494362711909,8.0,4.3053472470492125,1.0
1671,2016,990,1336,Valter Birsa,a,AMC,486.0,2.0,2.0,10.0,0.0,0.0,0.9828869020566344,1.3795494362711909,8.0,4.328210142441094,0.0
2160,2016,1008,1336,Valter Birsa,h,AMC,567.0,2.0,3.0,10.0,0.0,0.0,0.9828869020566344,2.7176443859934807,9.0,5.666305092163384,1.0
2398,2016,1016,1336,Valter Birsa,a,AMC,657.0,3.0,3.0,15.0,0.0,0.0,1.2013252889737487,2.7176443859934807,12.0,6.321620252914727,3.0
2639,2016,3285,1336,Valter Birsa,h,Sub,747.0,3.0,3.0,17.0,1.0,0.0,1.3235363280400634,2.904181532561779,11.5,6.374790516681969,-0.5
2928,2016,3295,1336,Valter Birsa,a,AMC,775.0,3.0,3.0,17.0,1.0,0.0,1.3235363280400634,2.904181532561779,11.5,6.374790516681969,0.0
3166,2016,2750,1336,Valter Birsa,h,FW,865.0,3.0,3.0,20.0,1.0,0.0,1.4537441050633788,3.004106782376766,11.5,6.865339097566903,0.0
3627,2016,2766,1336,Valter Birsa,a,AMC,944.0,3.0,3.0,20.0,1.0,0.0,1.4537441050633788,3.1870678290724754,11.5,7.048300144262612,0.0
4113,2016,3074,1336,Valter Birsa,h,AMC,1034.0,3.0,4.0,20.0,1.0,0.0,1.4537441050633788,3.2100716158747673,12.5,7.071303931064904,1.0
4295,2016,3080,1336,Valter Birsa,a,AMC,1108.0,3.0,4.0,21.0,1.0,0.0,2.215042940340936,3.2329828441143036,12.5,9.378111665137112,0.0
4670,2016,3094,1336,Valter Birsa,h,AMC,1198.0,4.0,4.0,22.0,1.0,0.0,2.2805220698937774,3.4344982504844666,15.5,9.776064460165799,3.0
4823,2016,3100,1336,Valter Birsa,a,AMC,1282.0,4.0,4.0,23.0,1.0,0.0,2.3569025760516524,3.527351923286915,15.5,10.098059651441872,0.0
5142,2016,3527,1336,Valter Birsa,h,AMC,1343.0,4.0,4.0,23.0,1.0,0.0,2.3569025760516524,3.527351923286915,15.5,10.098059651441872,0.0
5268,2016,3531,1336,Valter Birsa,a,AMC,1427.0,4.0,4.0,24.0,1.0,0.0,2.365797364152968,3.5758899934589863,15.5,10.17328208591789,0.0
5532,2016,3540,1336,Valter Birsa,h,AMC,1474.0,4.0,5.0,24.0,2.0,0.0,2.365797364152968,3.7186653800308704,16.0,9.816057472489774,0.5
5797,2016,3550,1336,Valter Birsa,a,AMC,1564.0,4.0,5.0,26.0,3.0,0.0,2.4467549407854676,4.068450052291155,15.5,9.908714874647558,-0.5
6198,2016,3564,1336,Valter Birsa,h,AMC,1654.0,4.0,5.0,27.0,3.0,0.0,2.509972252883017,4.165143642574549,15.5,10.1950604012236,0.0
6548,2016,3576,1336,Valter Birsa,a,AMC,1744.0,4.0,5.0,29.0,3.0,0.0,2.554535967297852,4.255509916692972,15.5,10.419117818586528,0.0
6896,2016,3589,1336,Valter Birsa,h,AMC,1818.0,4.0,7.0,30.0,3.0,0.0,2.569779185578227,4.98763245716691,17.5,11.196970013901591,2.0
7147,2016,3597,1336,Valter Birsa,h,AMC,1908.0,4.0,7.0,32.0,3.0,0.0,2.6084178034216166,5.149317745119333,17.5,11.474571155384183,0.0
7329,2016,3602,1336,Valter Birsa,a,AMC,1998.0,5.0,7.0,36.0,3.0,0.0,3.0674161855131388,5.8032207526266575,20.5,13.505469309166074,3.0
7704,2016,3616,1336,Valter Birsa,h,AMC,2088.0,5.0,7.0,38.0,3.0,0.0,3.1140969078987837,5.8788457699120045,20.5,13.721136493608356,0.0
7913,2016,3622,1336,Valter Birsa,a,AMC,2172.0,6.0,8.0,39.0,3.0,0.0,3.492055682465434,6.589732725173235,24.5,15.565899772569537,4.0
8263,2016,3635,1336,Valter Birsa,h,AMC,2262.0,6.0,8.0,40.0,4.0,0.0,3.539169440045953,6.99610136821866,24.0,15.613609688356519,-0.5
8445,2016,3642,1336,Valter Birsa,a,AMC,2320.0,6.0,8.0,42.0,4.0,0.0,3.617655808106065,7.029257088899612,24.0,15.882224513217807,0.0
9130,2016,3671,1336,Valter Birsa,h,AMC,2410.0,6.0,8.0,45.0,4.0,0.0,3.8190524969249964,7.118859730660915,24.0,16.576017221435905,0.0
9312,2016,3672,1336,Valter Birsa,a,AMC,2475.0,6.0,8.0,46.0,4.0,0.0,3.858730001375079,7.352145157754421,24.0,16.92833516187966,0.0
9691,2016,3688,1336,Valter Birsa,h,FW,2558.0,7.0,8.0,48.0,4.0,0.0,3.9832142647355795,7.540738098323345,27.0,17.490380892530084,3.0
10054,2016,3709,1336,Valter Birsa,h,FW,2648.0,7.0,8.0,48.0,5.0,0.0,3.9832142647355795,7.612564131617546,26.5,17.062206925824285,-0.5
10347,2016,3712,1336,Valter Birsa,a,AMC,2738.0,7.0,9.0,52.0,5.0,0.0,4.069346180185676,8.317088171839714,27.5,18.02512671239674,1.0
